2
-0.5573739086721432 0.036538975570460555
-0.5022337325296813 -0.20142952161850491
0.39898698459886456 -0.3552748458702113
0.3616312741646874 -0.41589604806221964
0.4209830541760931 -0.05519472388867219
-0.29592291310217805 0.6471972977773724
-0.44213662182241353 0.6168607377980319
-0.045297273084248295 0.656901694906106
0.23347774753317044 0.17355489271221966
-0.31780631953552474 0.6483235975880454
0.31256818710112366 -0.4981030720656442
-0.015589062078116172 0.11457026323969785
-0.4256243857763318 0.23008228589585808
-0.3984315277098329 0.19543173143873058
0.055192177651746305 0.14564722557919613
0.4117965165399816 -0.3463799395451887
0.45646545841378555 -0.1888630344217421
0.4276992791265771 -0.3717783918408274
-0.26576912726001856 0.6783344884360543
0.3912152202784508 0.047568788724965616
0.28785123073763674 0.1755188178491977
0.030310466723332184 0.13418689473278353
-0.04899931451165647 0.11827000896841014
-0.2932817384224359 0.17778352874847278
-0.0680135018749102 0.1349305969874979
-0.2593482374322747 0.6816682940157082
-0.6571499511258555 0.22691839838784697
0.3032050234908799 -0.48745456406855037
0.09127477418066215 0.6151431820861774
0.40502743700790766 -0.3010467243660184
-0.05558193993063829 0.09065413829980837
0.3829553671182731 -0.4005124908342695
-0.6856396816456662 0.19871207067230862
0.07639190489097435 0.619711078873719
0.40846336540812295 -0.3121867576799984
0.42959079485687635 -0.2831934657574088
0.35713963138956617 -0.4279375911346968
0.12984191991414926 0.16400033142649667
-0.3435062922735929 0.6703367740747378
-0.25277339300931106 0.6737967967517661
-0.2657997264627485 0.6737344370146823
0.17443385142421258 -0.49373559109692733
0.07990504121469788 0.5940588761507933
-0.5107723957990745 -0.12870454925791874
-0.002492399612003927 0.12028503554344146
0.4196236770761315 -0.14619682176940918
-0.6920781620251332 0.2105102837946431
0.1852344068607861 -0.5257657088149849
-0.5472885867014917 0.34510728190338064
-0.5135660544030326 -0.16882079033409486
-0.40401630822677287 0.18932252397821553
0.4403195635900444 -0.18834005725244746
0.057100130480871675 0.166592112113345
-0.45880386434367343 0.6178817611592992
-0.5493189712292286 0.3872613348165776
0.39626214629915807 -0.3523523202100991
-0.6196767993081255 0.255614039903476
0.3033984499963272 -0.4483337778338637
0.3949045840579773 -0.3924096290959051
-0.46800340468624557 0.21949304361222963
-0.5638002784038408 0.031610070776095164
0.4287882301644383 -0.0816896849411586
-0.6804606996494658 -0.11146535683452005
0.4416294859440493 -0.15591309283157634
0.1812326637875566 0.2115371637638926
0.21443484673583782 0.17008103457583568
-0.26752982773019784 0.6354106242033304
0.4473599092885911 -0.15053634823632725
-0.5604796180375979 0.1934057603050644
0.30061966548093133 -0.48334508185066966
-0.16812476187674452 0.657516685346248
0.18451875438582893 -0.5005080966324912
-0.36206648707269534 0.6492281168480319
-0.24481526048387972 0.646911949665558
-0.40457390443637775 0.20146669951276142
0.12009254899855913 -0.49111372382306245
-0.6769607111868183 0.21775732753384527
0.4093409554003519 0.014596964537942275
-0.24323432676595522 0.6739680111105357
0.34785207091950704 -0.44350993831573987
0.018973409409794424 0.6419925277077069
-0.0767569615867516 -0.4013548195156523
-0.424513494851397 0.22575916692123155
-0.4107686488868989 0.20711276783990268
0.09328186852152384 0.6067545342370129
-0.028450395393155456 0.14000035903870545
0.20345710893573957 -0.5121338448976396
-0.627267771267355 0.2527695909091161
-0.6809851010720797 0.187694114347629
0.3470347894399616 -0.4223181638985379
-0.27126077332135223 0.6381751095375351
-0.16080332098842404 0.11962884497557563
-0.5572808615579955 0.07821554853883224
0.014103752261646795 -0.45565307790514264
-0.018161914436997603 0.1105544374754777
-0.5742062989140398 0.1273282468926273
-0.50722445810765 -0.13168560512931493
-0.28621233041792277 0.6689811918181596
-0.41236871361116345 0.620390205397703
-0.6453237242716583 -0.14742844706675082
-0.20256383068415612 0.6759071507060302
-0.2458786505929346 0.6449644730419531
0.10336300371686188 0.6127586495439687
-0.3736898943369541 0.6523968982164251
0.03025608468860393 -0.45979486157690325
0.3180714903561962 0.14893803787734622
0.4319019918160162 -0.23078449218169017
-0.38754038966898546 0.21755048327712245
-0.26760281946382575 0.6747220051097018
0.4087195079164737 -0.3303612571784216
0.06337792023861634 0.6196669350480942
0.4497378397436442 -0.11699590881222605
0.4231655339825852 -0.27206278516308124
0.3482094102962503 0.11283528376484601
0.1506640795404227 -0.5129990844925036
0.12815238130564446 -0.5291777837406865
0.0787994697753292 0.6157999959544704
-0.6269512569023044 0.21203360338282815
-0.6517011548506707 -0.1325651700582271
-0.24979111828943756 0.6536477471533427
-0.26838135558404047 0.6788161499663432
0.4036988783751108 -0.3819537439275187
-0.42633320770391236 0.21220729226670082
0.43153420533458264 -0.22163252548022078
-0.3961583185517702 0.21074725285546891
-0.7189898858322683 -0.006155928234818854
-0.44974027063132654 0.6096441340468677
-0.5230142051802755 0.4557068109797408
0.36601469409976745 0.07930136690019936
-0.05405302513133866 0.13099454150650425
0.188941398259437 -0.5025741001506044
0.19015586529334788 -0.5074128584089922
-0.4009347137217994 0.22827318341101935
-0.07445671511555796 0.10377326400074897
-0.6956526876484859 0.1364109007556893
0.3790586248399078 -0.38660767067675883
-0.39182696224142566 0.22539942787022407
-0.19620846631337316 0.6667124912266348
-0.07680365590065075 -0.36704288315166367
-0.06006090071386268 -0.32283340234025826
-0.6807385587566867 0.20739916902643019
0.3545402039045456 0.03759108308481378
-0.48729328295743624 -0.13699546306840374
0.07789669061128034 0.5868707674779559
-0.2450323416946109 0.6799349203513985
0.45444604563836455 -0.24932711497812857
0.39382923728349395 -0.06843957997813846
0.06737533025079244 0.6274912230051141
-0.5302312352615611 0.3455592213927517
0.07093907035088685 0.631032469780783
-0.3976983962602183 0.21900666269728863
0.34420165150045895 0.10869238383627058
0.2235362130326492 0.1704359699581812
0.4396730327966219 -0.18326510949268443
0.41058949018638524 -0.27251239273626254
-0.3962470194782865 0.18482917966395773
0.11915420852456217 0.164079588091651
0.05138662605982915 0.13479302695803577
-0.39772055375325976 0.2165383672030733
0.26367484446821304 -0.5028425370723064
0.3763057717301742 0.058871346162924096
-0.26384273784893936 0.6825454702213771
0.41409217457133934 0.030411246450198062
-0.422323574000204 0.6299976360770195
0.34343587339972054 -0.43564237850594206
-0.7029765439895225 0.061713161308201356
-0.5439409117235194 0.19358451043722114
0.4193119320809717 -0.33558009422489266
0.06991077085506504 0.6153095017330783
0.37155013116683033 -0.3887626263297468
-0.48244975102765597 0.5323603297412081
0.1013062592773332 0.623061916970664
0.42050664625957834 -0.15777312181041414
0.1691136400749529 -0.5129247872730406
-0.5542422230013344 -0.044056287986424726
0.2769045383577912 0.16129430255468644
0.35791203096730956 0.11173648695403206
-0.3931767335603494 0.185764866826518
-0.6960743017651952 0.21660843264900345
-0.5950827819646789 -0.19354962475073403
-0.277415852065719 0.18216210725105478
-0.37525987227258306 0.6504380749897966
0.002408198180966868 -0.45116730921789594
0.1795952258831206 0.19156597325995695
-0.25360764105163175 0.6597697517887917
-0.5152639900358131 -0.013614981185874247
-0.7034665732987021 0.17495971276348665
-0.7231298625479539 0.07636780781920247
-0.07965412941281423 0.1038111098448104
-0.616379488188125 0.22826708861786993
0.07458269826809386 0.6200069082967368
0.32983218046795704 -0.47056319807693586
0.4306709293334084 -0.06982853133254215
-0.3966118514584678 0.19262566811182041
-0.2663682339137687 0.6573780351540724
-0.06140571817719149 -0.3617764310776935
0.03157501380615164 -0.47249290764414886
-0.2504021081888444 0.6474503788367851
-0.5361247936989967 0.09709284479019553
-0.07709672664074124 0.13457299031083228
