2
-0.016790282013958897 0.1327265315553198
0.44011404451355174 -0.022364208718491152
-0.49511512389524853 0.10954981387397822
-0.0783883877793221 -0.07436249809461364
-0.026115850855031986 0.3732211182441341
-0.06569400427899154 0.09334338030041522
-0.578230489926788 0.4112096508266169
-0.5754649913320676 0.33916335985842266
-0.19105771709607478 -0.10014750438202592
0.5409356191464171 0.3048420551638758
-0.05685900083560057 0.5252084702129824
-0.5501447880502457 0.4544196375264629
-0.23199473464666454 -0.03609473442358213
0.2952926711602434 0.559656368835321
-0.34063786247351885 0.5144488455582984
0.42813814950902723 0.4445577110135825
0.5473031293034036 0.24909950008101675
0.03141658774261638 0.6216627287750431
-0.4651573767611738 0.47058749209322914
-0.1680840311969943 0.5731359737003775
-0.544256858067423 0.05839744850083169
0.010002748429162694 0.2714838599373676
-0.25374795932769273 -0.07793231751098745
0.002881025335806271 0.23275393568711772
-0.3153254713545325 0.6066208700776682
-0.46122606531855403 0.5171919052492475
-0.5715689589151797 0.3431096500185927
0.3871781342956308 0.501817695898234
0.46706564144371027 -0.007711877113540974
0.04426298620414381 0.5974980212033233
0.3860035564002057 -0.05387754496938025
0.145066964248738 -0.07843259271108498
0.24614876956075174 0.5281315501781119
-0.31975500914325883 -0.07942041815095535
-0.565353350628496 0.26985430762455004
-0.49378333550799935 0.06652277507967388
-0.004677117226889891 0.20257799211394303
0.25591217573913466 0.5619402957784106
0.5776575321565052 0.1405560270024343
0.3867808943782173 0.496798839668553
-0.05643124395844325 0.5574016570754454
0.4896353271344168 0.3775468308899879
0.5308694380647613 0.15682750078730132
-0.43081664300562844 -0.0730219974890171
-0.5428423696991118 0.11312254711848577
-0.10819800061112327 -0.11606201582805871
0.4487759193168953 0.4239830152473842
0.17355494139150685 -0.0832711559731367
0.12235704981521091 -0.08647495384572532
0.4827641587963899 -0.024940857285907895
-0.14307303919577616 0.5940415304360244
-0.48232944902071334 -1.956851152940923E-4
-0.5848440210126541 0.31724355243621233
-0.3673006631622034 0.5229021759544933
-0.07307345368019791 0.5494889437998115
-0.1599636411716486 -0.042901890586252496
-0.5739213318672454 0.14103844884948483
-0.39080994001874453 -0.0710373883722508
0.5573567853610516 0.1927712981527815
-0.574856448115577 0.23608843998919202
-0.28906638303561577 0.5794996904970076
-0.2311105635619516 0.5760617020970773
-0.08332169272016433 -0.07093947472983075
0.3574989145285739 0.5165862691913007
0.561849648711653 0.19613331713550328
0.1250998035854595 -0.11811233975540707
0.31594370723798554 -0.03614548600691099
-0.37146705113209844 0.5245638767231262
-0.15948033985889518 0.6111085164918454
-0.029887210372586046 0.2900211378126632
-0.3166561710348544 0.5927642955819531
-0.3087944381132591 -0.08803092086884684
-0.0427966917999989 0.561369277183671
-0.5269235205422298 0.24122499115454787
-0.41081459603667325 -0.03493030599080176
0.0677445868751435 -0.14250243627642115
-0.36859997615904244 -0.07065473371335675
-0.06569814355197139 0.13073087179060128
-0.16446014627942587 0.6319574101125144
-0.5168698073064217 0.44463365792261017
-0.13014043530958871 -0.06953532758363565
0.46862968586169224 0.05614511498770791
0.3028401607539367 0.5381257479219337
-0.5326549464418956 0.48887857566450055
-0.05191766719063044 0.0737440247748547
0.397083776837949 0.4220905994297046
0.029469036222139568 0.31831449962768943
-0.09362036202127494 0.5959647521982411
-0.3673240770943475 0.563906412081481
0.5642039687694894 0.2684661481404555
-0.5901230323170253 0.23496371563365623
-0.47781952545306333 0.44700524433503025
-0.5794556784293076 0.217760138545628
0.011515221304468545 0.6125742640319897
0.465326775269495 -0.05037892126586769
-0.19150962779028732 0.6016151045988972
0.5502254559522055 0.2719546359991357
0.005548288440415945 0.18134122736982117
-0.5110183406152244 0.47223781305944385
-0.07714691003112761 0.5660669994719436
