2
-0.5870055527082921 0.3811027490463548
-0.1787408059920847 0.49871232025800083
-0.0960533044314288 0.16860445337000726
-0.5520823134437062 -0.11496489720721968
-0.06822991478894797 0.3768102073631898
-0.6565604400093824 0.1193265366576124
0.007783421142192045 -0.17479138301488661
0.19007264169244384 -0.17263782558745694
-0.4800007105827189 -0.10128369144887756
-0.2112482700168301 0.48781476810241015
-0.5905874633475897 0.31280228064793314
-0.6601685376367773 0.1683938078395145
0.006175112026180992 0.4098908041550578
-0.17793004950102548 0.467880719681253
-0.431463726005276 0.4395361259814855
-0.6570165856783823 0.2337631428277923
-0.4568716273589298 0.4576822746006789
-0.052440761441586874 0.37894760679458234
-0.32165788307522436 -0.12071928329399725
-0.12147106294675533 -0.02275422026424432
-0.04614550832489461 0.30250157719050086
-0.4582234796276032 0.48060442544164916
-0.4738444706255055 0.48273989521414146
-0.06949720169059219 0.32772122243338053
-0.07641062819747275 0.3895550252441951
-0.2884755020437519 -0.19568576763081466
0.16135078300643138 0.4256924365913244
-0.6113676456886108 0.05383418549844445
0.02921252243199092 0.4468281832328003
0.19953598241067558 0.45365323934917823
-0.6153989674745655 -0.00514477278114479
0.22322148864441885 -0.06605540585261073
0.23720207280790287 -0.06775968310589955
0.1600409584839239 -0.16298444880212817
-0.11360687540829019 0.4565324543494438
-0.5739267553141257 0.3795898306518828
-0.6602579753036841 0.1651128052294223
-0.029027495914109712 -0.19551141574556008
0.2698062435981952 -0.06117599154491529
-0.036917414888220416 0.434755062991669
0.29518687554470696 -0.03474432337701501
-0.5866661163146599 0.3201451793415207
0.3661895334645366 0.2613792292947778
-0.4013218136295539 -0.14590937994028708
-0.1894106103953397 -0.2062586417788441
-0.07892200867262905 -0.20102302849191517
0.3059057601288591 0.3374991279733788
-0.19576440257202107 -0.045837436734311156
-0.08960620091925932 0.02613724700016178
-0.5499251422311167 7.762244553360157E-4
0.3264024631543212 0.3084781623205105
-0.4347434532002391 0.4295408239860647
0.22002237227284163 0.41160863885595594
-0.03763658476814953 0.4347935814399075
-0.1268043819514867 -0.020564679389795705
0.0021775998054459934 0.4133514038642463
-0.5973952560797452 0.19321441189221844
-0.03476667074304998 0.44229012155026265
-0.14409643628223287 0.052847199807356825
-0.14286445825205552 -0.18682097713707
-0.49181660298619967 0.4325661111540189
0.3104281292538646 0.28249735329206827
0.1912508642971314 0.48056278276991
-0.6661231455924558 0.24457045418538692
-0.05262479595831261 0.45580692800471323
0.3602354731425324 0.054331434970497604
-0.13202719067801846 -0.1660824527152795
-0.25307874877984793 0.49252357412805964
0.13567785231547266 -0.1657429617551346
0.2177675288557443 -0.11852190481931985
-0.36854179459275666 -0.12866009642395757
-0.03759247052037741 0.3395861088705584
0.2237148681617712 -0.07793411996564278
-0.04166597029803105 -0.2011609139061905
-0.05789587665614173 0.1102225207643598
-0.39990245107220196 0.4941977862129128
0.3493802155672197 0.2081436160909365
0.10747266349275264 0.43714282081853906
-0.5692784458819964 0.018148161508652266
0.02045752249784357 0.4380235595687475
-0.6399267088462876 0.2671798353534596
0.38892611548202904 0.1264379172517935
-0.4164080399340866 0.4744808842719384
-0.06075837376364442 0.3262436685011065
-0.5363258697451497 -0.13530251876102833
-0.014024534243051221 0.45820848589372815
0.2189316048887675 0.4268588284946496
-0.03542866310022438 0.15342188670475235
-0.011069916864309637 0.41383421318584956
-0.47127737698863786 -0.14335892440883582
0.04890666673660102 0.4515877108098005
-0.1285319382115402 0.4696664218477972
0.3795092576072388 0.15689161237021343
0.35149324791263875 0.30880165609874666
-0.04637606240555594 0.26900122741595095
0.21615667636662522 -0.13933815418481021
-0.018877541763886067 0.4559785582820511
-0.07482712423268367 0.4644804141404178
-0.22430022280189651 0.4745257589703883
-0.03945323364769024 0.41745188733581917
-0.5121756195212279 0.4076316475935664
-0.4176739084685474 0.47256560869205194
-0.6239165611330595 0.22012883863062635
-0.607216601414329 0.027591840943290813
-0.08145706928508294 0.28278973343204306
-0.1982851554125503 -0.1413178917224739
0.31711369336779854 0.37904375004725743
-0.054026561229658036 -0.1448675630879353
-0.4552804353131835 -0.14406871160261972
0.32332746637390547 0.2684754163504755
-0.6360137848969066 -0.027520346141820178
0.3674701324315286 0.22617763191068813
0.27800665159194937 -0.04444761188907023
-0.30807876673274726 -0.15099534307668516
-0.6324297379176482 0.28711454841809586
-0.15122882087230372 -0.037189801681939985
-0.05007312268069995 0.4391365117773823
-0.5936316297287358 0.007228177514894393
-0.6134965597684461 0.08986043678070739
-0.2355127728072721 -0.1823320597881491
-0.15341213814072585 0.05267806396770235
0.15377842793093427 0.45618980557745703
-0.5119539661804369 0.4083529267480132
-0.5053647449533062 -0.09895356684579742
-0.019037555741021683 0.26100323724203833
0.09144864893292644 0.48290891901499483
-0.08470834136912875 0.041851263254912965
-0.2989620210072596 -0.17789850399680215
-0.17710838721813113 0.45391760978018053
0.1761686023947459 0.4238102352598662
-0.5869912898139651 0.1844059653536353
-0.030800365679883725 -0.21114070307064897
-0.39382397385533874 -0.10873349955820061
0.12260914001379718 -0.16286729734266184
-0.02770602053845759 0.4369266839172042
-0.17831985059620772 -0.031685631845801934
-0.033773119491834036 0.2206549525003161
-0.5828746981449068 0.06046454764471662
-0.2813107759607709 -0.15617093105536223
-0.31896270096315843 0.4512387794461405
-0.2192524439052991 0.5281724784551417
-0.2063683830636045 0.48869678061561955
0.3227766834251535 -0.056743468020294285
-0.06348360882632467 0.19310642150086152
-0.08018608362401893 -0.15166312595967818
-0.045733842847840454 0.1466033798948905
-0.026802690770877956 0.3074606544294242
-0.11449370914963386 0.03275439950380057
-0.032819837698661064 0.2079447040032977
-0.09065316087732526 0.367609983693717
-0.44380764829025093 -0.1382172629950194
-0.3749844194581532 -0.1426075484653349
-0.06167471708638932 0.1795935176454635
-0.27802696854781006 0.4627705345482709
-0.09017834006029735 0.4268085134906795
-0.5166131746778888 0.349664487659104
-0.23066089918435484 -0.13567746941532163
0.34587104291977044 0.08153320530598933
0.32162735842936796 0.01533515566054973
-0.645172970145483 0.08633015475331793
-0.35910657873217977 0.45910429026778843
-0.05261008359681379 0.4352096165588831
-0.34764414308966357 -0.13620580216471012
-0.18091190772240576 -0.0612307687404522
-0.2467472023884622 0.49047648374395103
0.30059115690203575 -0.08150183289193157
-0.11457515312812631 -0.13328388456302756
-0.057550439292321016 0.39625046938437064
-0.23511581794706843 -0.04956947151933359
0.3581422197701903 0.06728672019774706
-0.031208804092495938 0.29603514157362765
-0.3159632451545097 -0.1562503120617233
-0.06794122465424342 0.39477189566275794
-0.5964475902122065 0.07893831484232294
-0.09725897224138919 0.1278500150430337
0.02345073410612618 0.4437158059810802
-0.01009748330836241 0.3142029220938168
-0.12448556365696352 0.11434633513809786
-0.6094491050882277 0.04101083820948891
-0.13164090813693632 0.502234949856313
-0.23668937521326824 -0.16231451501504787
-0.13393136609950204 0.5225657001023144
-0.08104074621577373 0.4879276880167899
0.3407649174408088 0.03119836243850557
0.08232978048908383 0.4395517663073872
0.18432316193404158 0.3954510051166103
-0.4813931690874523 0.42829279725067126
-0.05186453266916771 0.2760063036085907
0.15769550583672357 0.4130129215156121
-0.07345775971007867 0.4814610504028534
-0.6289469673397027 0.050975194802596775
0.36043212970838034 0.1997040125060382
-0.04847454780625128 0.26316799993273227
-0.2751108867286493 -0.10537808343325082
-0.03468004621168556 0.4215179368427485
-0.116994269804851 0.09258059850256321
-0.3742883651785109 -0.1509946295808307
-0.09235247525099055 0.46324417996128875
-0.1768442082794107 -0.017556592813684043
0.3583063429126429 0.29116734472733563
-0.10700722469662764 0.06621644192325675
0.17667845252667652 -0.133302372162464
-0.2816544885989032 -0.14904821762816406
-0.04692911077970469 0.3555816339773884
-0.5303113920298478 0.4475730723197115
-0.610135735921781 0.03402530733317424
-0.5885714703863301 0.08024808076202514
-0.20457147503993808 -0.08405668333052821
-0.05535888592728801 0.08848920795735826
-0.3493162521875387 -0.161238584421309
-0.12955575357863702 -0.056678838412602774
-0.6317969650476393 0.01047514138723443
0.3760333306037675 0.13886061376576586
-0.6028180646706542 0.09333776253687082
-0.4058501670552759 -0.13180991652567797
-0.08607357523259528 0.1832210746743604
-0.6435554910077212 0.1383540122928533
-0.6382184779846467 0.27058781390374437
-0.25679263121681106 -0.12523726299055415
-0.6429578522457092 0.31807616284524576
-0.49658226781581905 -0.09233473772608476
-0.5983718103647407 -0.010914043554351641
-0.17954724036763803 -0.07781450360135579
-0.10719693415938006 0.0346854617362637
-0.5887040893911681 0.14621870039146245
-0.5401966089279028 0.40339214941571033
-0.5264635475108559 -0.048099594907537076
-0.14287489592259248 -0.13259561441209144
-0.026542276102557594 -0.20599696158088004
-0.6258914342560624 0.06970913792268467
-0.5580336290058435 0.3922352367981238
-0.09952406399550474 0.060918378871928476
-0.09097675998095592 0.32506671567009005
-0.6177755625806869 0.20200029885153944
-0.6374472708059686 0.0785645850990905
-0.06824112871231212 0.19196293288798918
-0.5620671007818132 -0.044039427317532805
-0.266788914581792 0.5232614365451146
0.3024530803724868 0.008897259782432153
0.10509550558799655 0.4491988925525147
-0.2169665827723898 -0.12921516840280295
-0.07112755396737934 0.44805583618648104
-0.47588972261591994 -0.09516691424887123
-0.36325014564327046 -0.12731719874780784
-0.6659035739422204 0.16880406073473192
-0.5022039502261944 -0.08772459396818079
-0.27530038043824145 -0.18114232547886522
-0.12216159436685378 -0.06613911267620551
-0.02678282328595098 0.43750452102031423
-0.06677167150823796 0.36104842350569166
0.3675875516410495 0.12757321630493929
-0.3957319417679451 -0.1667248542531261
-0.07287535353531553 -0.15318328627814784
0.21335801515489283 -0.12422376276605292
-0.03858056049032617 -0.2099695435953989
-0.44812943428010416 -0.15379948875201782
-0.26375253000532467 0.45567830698150885
-0.004278612056667915 0.476447312057616
-0.48620155458581443 0.46416486923432987
0.25195803230108954 -0.07709975932681667
0.34292250473445257 0.18350268576001233
-0.24368642326139972 0.5289805007386622
-0.5889089724994331 0.30244880061249335
-0.5528243787560128 0.3834255534567027
-0.5514290470125869 -0.03355421155656643
0.22858972369985792 0.40605712560776863
-0.6296360170658897 0.013584218195400505
-0.41375809305896233 0.4902286650485799
-0.057999052551090814 0.061628870860264064
-0.17879803110906287 -0.002953387840500644
-0.2995100569867992 -0.14628889488169552
-0.10105608232006431 0.19197230435858945
-0.2217746476220096 -0.05498930053694948
-0.027290580966393727 0.404879796853615
-0.09294751516378824 0.028194424502211178
-0.07040681806642965 -0.18452978638753545
-0.18735753340664635 0.5037425533530265
0.21995210611945765 -0.15158914280880406
0.3965057378915134 0.1402446416284793
-0.601949264247869 0.1663487398479443
-0.5775511288843194 0.3615836685377455
-0.05237048455568546 0.3779331592481032
-0.11423732193997846 0.45208967797645927
-0.2642734288513854 -0.16388726604250167
-0.18092910115184993 -0.050363710247885746
-0.17679695429464506 0.512409522083051
-0.49599845622662686 -0.08185010558687339
0.04298574847666032 0.42716288296807875
-0.0977855671749334 0.4376120583917834
-0.20311694928083815 -0.057023268961668046
-0.26267575923028036 -0.10899439835650905
0.2908158686698143 0.39794639609227905
0.4011749873994974 0.05306471066908633
-0.4288351366578019 -0.13827903649573253
-0.6360258365713262 0.12988862242245508
-0.25990435315891225 -0.11217146180180085
-0.01434508032594143 0.46085156348281286
-0.6085221549888838 0.26092853899699076
0.19145688910571265 0.3946423840116193
0.23635185648227303 -0.09788439440805821
-0.09016482681181136 0.41585124205986423
0.04234024564232603 0.44599481087466575
-0.669560851474774 0.1922453142852214
-0.2334980468437457 0.5152739104126605
0.35317888939863984 -0.01133243564485762
-0.5880293624841489 0.27159016607239106
-0.6496041260716365 0.23808031458464218
0.11008550690411938 0.4547740399444377
-0.4739302442989154 -0.14331054137119623
0.06259376662372763 0.4722021556233192
-0.24136802020960327 -0.19984161295712188
-0.6124440219053304 0.14914530678585738
-0.1520904439407834 0.49812098007031286
-0.06963839938007595 -0.14853611404323014
0.21752499250117296 -0.13519925257673415
-0.15099814381153986 0.4450850571228411
-0.050283412686019345 0.4511104063516706
0.10122252945435775 0.4897405964283916
0.33794985381781734 0.04685083981478366
0.33152624335968595 0.08316476143697912
0.18257988895264077 0.46389324290928274
-0.042787162795181646 0.45627906321074496
-0.030141732441832308 0.45632550981011966
0.3857698018563804 0.21314292805176527
-0.6058002421398795 0.03825391978693934
0.2615151175940936 0.4008279595104718
-0.332774768397342 -0.14347664926661538
-0.08495299429479171 -0.17853288247436466
-0.13848339878373964 -0.012394877703530748
-0.013105477018759188 0.3133450072054772
-0.5726218744050114 0.3926544592974919
-0.2523868116091959 -0.08477619568127068
0.3680974340539162 0.17924862992635487
-0.3925474975372118 -0.1541147522950803
0.3207555866204454 0.24503953020738503
-0.05631012225350105 0.4419087442720852
-0.4294874700325958 0.4645840848490166
0.2713623498296954 0.3780141419508925
-0.39359546529438255 -0.15648582298897243
-0.14595154565902874 -0.010391421419229042
0.10839365805774151 -0.16216133347668762
-0.194295412640838 -0.02389066428284669
-0.05231945086800351 0.4465329973152234
-0.1804794909727742 -0.13915991406642547
0.34155356189764347 0.23330152394267298
-0.6062967712769608 0.2610393498425906
-0.5349970804760423 -0.09040246287946029
-0.6625658286811521 0.14538648506633117
-0.5955364160926427 0.006395093296553114
0.3462426647936333 0.027935901335575674
0.404797548091705 0.13969933254991018
0.1516689813785183 0.4696675504394334
0.3001995496649986 0.008534561219691645
-0.6298137479046407 0.24277596901280893
-0.08406134003594691 0.1021404370524897
-0.018888865954492642 0.4858150011156747
-0.12065837166155916 -0.02704991694785728
0.2990547760787784 0.0032598282059188933
-0.2429262064806796 -0.12996411716350678
-0.09989076414238923 0.09936360697104551
-0.04574792742316504 0.18847377391923525
-0.13627746344662492 0.5026790453531831
-0.20981399067626674 -0.0849845523973812
0.33074493712817554 0.29364485059374157
-0.02101130308151691 0.3507252013501546
-0.15804903021786942 -0.1882197789136717
-0.2623875947470904 0.5167924726640793
0.30034281657824485 -0.0250827312813495
-0.6334915186813227 0.1151648608164057
-0.16752904737559646 0.46504626736149124
-0.6218341240693053 0.18268868056180423
-0.05801692734161482 0.34165234858211185
-0.1922253967629545 -0.06254153937106309
-0.20805459992288017 0.4876705919653103
-0.387002855165137 0.4425627117282471
0.3508489669202595 0.3042171503959088
0.3619017512345268 0.30350561120537073
0.23482670011659423 0.46112383726651074
0.15005364530060053 0.42988627174060895
-0.34829485336757254 -0.13587878158709277
-0.5641081362105009 -0.0189984611304637
0.023535630320452774 0.43194137969272184
0.3341069363480928 0.08261221982476229
0.26599631189736006 -0.03830737191690616
-0.6031744291246046 0.0965195249086878
-0.18047027725304152 -0.1531408787479876
0.23399817041668314 0.4179834517437305
-0.2590217647539696 0.48418280139825526
-0.1347496896726551 -0.21317485871731304
-0.5986339326303096 0.3176953298409625
-0.17667538008422592 0.4902068243887329
-0.5820551432231642 0.37620527918308844
0.34927752179232696 0.16046076680134672
0.38712992620083414 0.23141722730501157
-0.5714069233227733 -0.05437071543147378
0.3919959834106235 0.10442345263863406
-0.5954313057612224 -0.03442944478738847
-0.3910707914611482 0.4513096069540515
-0.5967689005326131 0.18670373360882792
-0.03143312783203801 0.3318494677405544
-0.6140468587110778 0.2724718181119162
-0.4867871357088517 -0.13925457633106683
0.3667748815692967 0.07695337412421699
-0.45121987486167703 0.44400134741561725
-0.4714539226867449 -0.10204792617008347
-0.11754166254493119 0.05841178848581232
-0.0706239632498487 0.34433538047944606
-0.023417960633102364 0.20948757568679735
-0.22007631997296348 0.4593485185443021
0.20795617395064747 0.40963586796339335
-0.6208442980755519 0.08653425374764803
-0.38774359692459426 -0.19198512854820063
-0.5265041666434008 -0.15318502494871172
-0.34666803291063075 -0.1373163619589993
0.15054954864816447 0.435448953758977
-0.047397880460605585 0.14267877071684723
-0.14996961840907735 0.4351338223669538
-0.08257954336781267 0.07823720116176977
-0.05770159239573862 0.43280915361283073
-0.5288498341780354 0.4473647866366892
0.3093250655653778 0.3619870875642317
0.20314370658192235 -0.0719735217665639
-0.0925205863892406 0.2544646364589108
0.34561383709865917 -0.022506549911737277
0.2606280791396822 0.45109499666152325
0.3594781959691996 0.20813217606165968
0.3716086605172251 0.24743813297618752
-0.09901965899910939 0.43651902644829677
0.04190892148053479 0.4427286099054613
-0.6369088382627003 0.11378870943606974
-0.6216217501596697 0.28131557341987407
-0.6514047560359123 0.13153892826983907
0.07447759360674089 0.42080559170750953
0.28478439126585653 -0.011068153500276404
-0.657314984373894 0.15063564212007965
0.3475970422247775 0.33908897126440934
-0.055924046924422065 0.3917515645683221
0.3268375414639125 0.0485892978414582
-0.05273486062382062 -0.17570073542075818
-0.4048724159546212 0.4966885232517689
-0.23424691139254597 -0.13444646944633007
0.16069254820223364 -0.15782982341469942
-0.24419846535592712 -0.16501750713492375
-0.6041251618471817 0.04029273004788119
-0.5924126746641305 -0.01938644380773591
0.3634996054893285 0.030771130446476603
-0.3915137976763005 0.45277005290573624
-0.6303020511478684 0.0725062369965542
0.2976305176581858 0.3977967067364924
-0.3564803377586086 -0.16488375389284463
-0.06763591278392539 0.2993979611087485
-0.008326371057946744 0.42454760634533006
0.35932604137342955 0.2321238483279174
-0.05175106277189627 -0.2073152872338695
-0.3683080942738372 -0.16406425250601767
-0.23477862763368373 -0.16014076859165052
-0.27357669168702187 -0.1704459340106075
-0.017936150837811055 -0.18371208799137492
-0.5869851991612739 -0.02921499166708865
-0.5973208833140349 0.13893395975580328
-0.08092103305530107 0.19456647191339263
0.17884684193785194 -0.15483058026546284
-0.07430440046832473 0.4365213847486505
-0.21452231722436474 -0.029956393097496817
-0.5016018878142711 0.43845356400733787
0.2461116033348382 0.43028412754167455
-0.06544086153290456 0.15336168197483707
0.0012348679197242518 0.45910594123540865
-0.21287218441402947 -0.1416216343249234
0.09726653126184469 0.46776616915679065
-0.5995289041824673 0.12389649713831356
-0.34900825010805986 -0.14275100096101767
0.3795700696158955 -0.03334167751758514
-0.5621616810843203 0.3753864040627212
-0.07294324654082762 0.48152500438270845
-0.21022208060517716 0.5200580104843433
0.09069859419202544 0.43175390031553607
0.006389573999047495 -0.2039713444733739
-0.609286244215136 0.3337622350952092
-0.5156142102589562 -0.0953124717588768
-0.6270562282319319 0.09705904152082212
0.3315057330416052 0.14321331541237195
-0.253416059030556 -0.17207291749456355
-0.08634341620239279 0.13665603035184157
-0.14751440363224447 -0.16251950254893283
0.192596901751002 0.4631337342569725
-0.6014437454917747 0.16399469726075588
0.16539901008389865 0.45387929404328237
0.05849936581902113 0.4469539863106348
-0.6156400756620347 0.04554519216242833
0.16334215697893892 0.47094307950779857
-0.6197242110025669 0.041341859543993
-0.6247005026049794 0.34914333016320476
0.09924138219319142 0.4688247378323481
0.21053014033941944 -0.05792584021690156
0.3532699455112434 0.335753239381332
-0.3612766911990672 0.45193792023682705
-0.3041998068920663 0.5259362135494846
-0.12437958524006186 -0.008455878134179026
0.31768188929910496 0.04225355389771532
-0.33894436992694343 -0.15599617083475684
-0.23317775324234474 -0.1254450311998922
-0.2486356466377334 -0.07463678278002685
-0.40165657304957725 0.4647222709759108
0.3133165559174112 -0.031445330205280016
-0.2739442132539078 -0.16043557696382607
-0.05238062242366955 -0.17457856199672808
-0.09680104049301823 0.47083677472748603
-0.6335146918810782 0.10568998082720175
-0.08681830168127438 0.39619853100895475
-0.32528814977919257 -0.17533645624126318
-0.46440247384498085 0.46939147436089473
0.03087970193953557 0.4634346779763024
-0.6268925359682419 0.08060350287050577
-0.6000217061444528 0.24204147676231752
0.21356187775723603 -0.1494771353947389
-0.19454703894146594 -0.20766352995255108
-0.2621226617506823 -0.13847098163870195
0.058395468052695305 -0.15268574435811483
0.3636190959958909 0.10605828042555894
-0.24045883062426782 0.47913889504284973
0.1474242020078456 0.43890017623090916
0.3460125830780703 0.20147830114832932
-0.027841833673426967 0.3905491425140541
-0.03473806946902225 0.17497932398549088
0.3857173945513252 0.0954999245447912
0.3125975150132905 -0.06807172312551928
0.21005657859494742 0.43699676839474044
-0.07400536448094121 0.3760970269205447
-0.07841464432968583 0.3135744224245648
-0.15583010912495165 0.46236965678651737
-0.030176086862294938 0.1681636031442694
-0.06150160600643952 0.3968431052979699
-0.07805426195883455 0.2621939540883658
-0.2497490889967303 -0.180636968251621
0.28541203483270694 0.41468496397812143
-0.08675484541950633 0.04586150192927903
0.18269192675466192 -0.11300698382108143
-0.6186209223083107 0.18350970637848227
-0.5968609191506058 0.3016228590404691
-0.5905371178744567 0.059991994322848734
0.19239697244591886 -0.12852490365454988
0.3263896516107017 -0.046311517365079644
0.38120106416655614 0.21230065405068396
-0.5584698832796197 0.3633985063102649
0.12297058579872783 0.41173359822482214
-0.21386668915412665 0.5174248177996112
-0.14833247933658156 0.49555887039891405
0.005072233333961359 0.44831610555513907
-0.5272247100684442 -0.1291226862374748
0.31738313459672457 0.34274889432297184
-0.06399076442169113 0.3933112327071323
-0.1622854470384264 -0.07802922795902077
-0.018525927896701735 0.44898977268914847
0.4109817137846606 0.07344537166926102
-0.3169129991593134 0.46278995609347184
0.35761475953664273 -0.005008903941000161
-0.24795598335431124 0.4990970263305249
0.17514543602177904 0.4204146462641209
-0.6128596279156528 0.045483099431453414
-0.09070644961949938 0.49000014214119764
-0.1360516796897686 -0.21063222506692947
-0.06506258786078471 0.33362001018314347
0.11265455898739522 -0.15084836368183194
-0.5857585327532798 0.32171569668500494
-0.23092045213219733 0.48662324171458843
-0.6310892759973725 0.03845380919788037
-0.14361469099394034 0.02713614595527133
-0.15336536582670524 -0.07153538876107936
-0.047896737760300616 0.4061918825755063
-0.48619024063201927 0.4139852862101615
0.18095249244962286 0.39708945529388906
-0.10442386765186559 0.046198580043362275
-0.31409006869638384 -0.1917941108661561
0.041332600495799926 0.411786477289783
-0.6440602236889545 0.19263548878962705
0.2445929064493701 0.43988449911812383
-0.04564237150811986 0.3539357682078338
-0.5326980943912655 0.38953712016283154
0.34802698054949094 0.19625602903385356
-0.08667296032030833 0.1835325337813874
0.3816918061879922 0.24769615122825608
-0.3068348170764722 -0.11994841843154916
-0.22199992572754848 -0.09338732014804937
0.24879843210952476 0.4324524804732814
-0.4523719303381866 -0.1697696982646439
-0.05078513626352238 0.4137503675318601
-0.12380204905563498 -0.13147889341588326
-0.07238345663510756 0.08292733759397607
-0.16758739460585692 -0.06837396955236083
0.41495042182002106 0.0742491590307111
-0.38093485132568766 -0.14442481034192003
-0.2039179981760223 -0.16797120163632845
0.14723288876602283 -0.12760166891945535
0.37459919092341937 0.12599289900607705
-0.5286811227931959 0.4573035446036381
-0.06442209109204251 0.4604393305209418
-0.38119492665636273 -0.1862723500179186
0.3516361273928781 0.04638781251406935
0.2874737503323007 -0.05860359021862886
-0.6539945714867906 0.10055636534508115
-0.2938526105981457 0.5219669696726407
0.20186212933730494 0.4126805103485726
0.21643178595251508 0.4203007068670766
0.1769356109988354 0.47416903653676373
0.2724610162281783 0.38842614586942026
2.1582003626027322E-4 0.4392336709015905
-0.6364613709539172 0.230344992021384
-0.06537079432135423 0.3052837594770988
-0.030985537291178387 0.4797745581856274
-0.5913286763465373 0.10718570764428345
-0.5507372043842754 0.3571907912706986
0.19311853252557665 0.4342315494611686
-0.11903535602691818 0.007173342421831042
0.17131494909202008 -0.13757608997963036
0.38580642005477084 0.1471457256598178
-0.6308497008804581 0.3190174877129266
-0.2995192558434551 0.4901228419876733
-0.28533704781287933 -0.10065329442102817
-0.2508298079085885 0.5263836350401073
-0.5927110939755952 0.35563767150544495
0.19703244342604628 0.4739893829349332
-0.010185446703664525 0.43370782722911483
-0.0721947890145473 0.39273079818585754
0.32287626413963894 0.05412484664824338
-0.5850713632750647 -0.001741795981340791
-0.04853793469873779 0.3679229984508424
-0.10334302773151592 0.19406215310656705
0.37683646231320456 0.10139050586203496
-0.3958533917530742 -0.11092046672237321
0.14710356207795616 -0.12342150036717688
-0.4028582472400533 0.4435069735810607
0.2875017937341681 -0.1011579129097341
-0.5411588036947638 0.4046324852456634
-0.048643708083322586 0.19184387199794636
-0.46727345713794494 -0.11541004399554046
-0.05594606955111203 0.0689355293172673
-0.08466438635680049 0.2318933135622557
-0.6549491385629669 0.09472472346051859
-0.07368970686346472 0.47579752547448095
-0.5028461157271594 0.4669425674877332
-0.152129828458599 0.008560561400180026
0.04013071585094205 0.43526284701902473
-0.6038064664914288 0.3405273314380852
0.3115433779687404 0.32560216558959465
-0.08741102801816472 0.2474931599712692
0.3926215941949162 0.2528995637288757
-0.09792497322496824 0.08161780314647975
-0.23049495429402575 -0.1490137585900508
0.13484420077011577 0.45305856321113736
0.2104050697744636 0.4405977717263175
0.22122837241640808 0.44299775224559645
-0.4735971342148617 0.4611748611588117
-0.018106885030039734 0.40259982098963265
-0.6464377943060652 0.2563019050922777
-0.1888785317526712 -0.10555675155540788
0.22342076205673303 -0.07812815742096973
-0.10421254730898644 0.12847988959015974
-0.5773522755097767 0.28623623351317357
-0.1650857218579739 0.5023138006904874
-0.025257112553597003 0.47489837889496206
0.12970870905931936 0.413514957018149
-0.08558798986879765 -0.030266020820298726
-0.5794946156659357 0.03946209292879795
-0.02989269479347835 0.4765797749639858
-0.12481427850315052 -0.004933770029702108
-0.06812569151888927 0.07808597541001992
0.10209530274578527 0.41127134282126887
-0.5810845715938054 0.026721972331140098
-0.07912357634814611 0.2539548757508995
0.37626578177576014 0.04029793778239745
0.30892794336845686 -0.06802843986073488
-0.6044406191556847 0.39849376108006906
0.25257024881490336 0.4670307620184808
-0.6211279481932691 0.13998336656922278
0.16896074345977222 -0.15397919504403262
-0.3126615708997885 0.49508715030096206
-0.20789525322964522 0.5166625085354251
0.21454518040159523 0.3732277799052117
-0.5843009443525493 0.07674309776346509
-0.3303928695353741 -0.13281078435528496
-0.040010371680534146 0.2066240699100746
-0.40104226786557984 -0.14619377653940394
-0.515688762173082 -0.08474224772786045
-0.115701506939468 -0.16393630583597144
-0.010639803241319518 -0.17816845790670924
-0.11812986223008522 -0.17371363687575506
-0.26158245036729405 -0.1329844900799088
-0.3623047610908367 -0.11625691511073437
-0.47922659571205545 0.4691332783729605
0.3454436447317452 0.06930408016774246
-0.2350481399353556 -0.17569172853809695
-0.06538537799627799 -0.1555280237385758
-0.5983531003920987 0.14454320189498485
-0.4500452834498659 -0.15267618466484068
-0.6421031623332414 0.14760815554719775
-0.6376396576502686 0.16345314413394932
0.0908243586874346 0.44226494334334904
-0.38751387961720657 -0.12050781726387755
-0.5875091622357919 0.3298513816470627
-0.14778750986411968 -0.059870419254156294
0.07782916599830685 -0.20075045865873184
0.21395189129130585 -0.11123960361211555
-0.2336353020786844 0.5058130886999243
-0.5611271388601743 0.38368811775114353
-0.36549019491173407 0.4491955370872997
-0.1338423047557607 0.05328895959119071
0.10965590252708902 -0.13647939569328724
-0.04750795976836855 0.2948602512140027
-0.1360159319231646 -0.038162913132640974
-0.5264949205970262 0.37525681160603036
-0.19753414948260645 -0.07710836550937794
-0.03632392746698865 0.3604232901042812
-0.028611153882408567 0.2804067334341831
-0.3265825489844417 0.4729099450344154
0.2017402449884937 -0.09153972976517404
-0.6274620955829929 0.23506985840874137
-0.5403956925866932 0.3356380519115489
0.3055975613964701 0.39333500992295417
0.22076259822831446 -0.09516571048473585
-0.1949114268483036 -0.04048366465603635
0.3275126098393976 0.0019226525126388575
-0.6105126883719175 0.03936452793606009
-0.41704331193835475 0.4420787147693058
0.3107221069513582 0.340527401863489
-0.4748616277076245 0.4569229369579037
-0.2982090501836736 -0.11578751708693517
-0.10907110934778984 0.48020943118572706
-0.2167637322590367 0.5179446708921063
-0.6541322678652913 0.196732968966899
-0.08502454147868681 -0.18476476923350085
-0.06168789216330803 0.33074055941055036
0.2714152155004975 -0.03417759271419072
0.27085494803917903 -0.10875826457565192
-0.09672283855941771 -0.14638691434643591
-0.3906669171140691 0.4654263883740875
3.46711312726408E-4 -0.15394093936696454
-0.6052998989107484 0.23201900144495388
0.31825465381559315 0.3264191567421747
0.37911404992212133 0.10797361097046765
-0.555311260398994 0.37680340456553285
-0.10214810365310409 -0.16218576141432342
-0.28199827680750056 -0.12184927531763226
-0.24012860375189396 0.5269050374937017
-0.023294722347379018 0.261074804307326
-0.06671083414739105 0.2873000361918083
-0.19389668063644583 0.45701134934351284
-0.45227848459595976 0.43693253973796886
0.2817249310111557 0.3501354968652956
-0.25046986521398407 -0.17499667589318846
-0.5950504378094277 0.33704895944355345
-0.0782526199770687 0.4454774584176416
-0.4349273849451716 -0.16881146541314915
-0.08442355392333563 0.0911170366877991
-0.17688285329083878 -0.19599028746410604
-0.03868140392954615 0.37369489077450235
-0.08584988015564268 0.19994838910945892
-0.08731397083515637 0.07907171951320588
-0.45848225586072044 -0.10287382591144402
-0.043940648650773254 0.42418050027325915
0.41386290509808 0.08887531339102377
-0.2737814413223515 -0.11362907054383167
-0.5954342480174438 0.09102119807721427
0.3886562223266346 0.05379825214614925
-0.09699225571500562 0.43804623145931987
-0.025124037366505453 0.42092277756010116
-0.2626003630088981 -0.18185730498838437
-0.5027755252588908 0.46643144265807013
-0.05978429561890039 0.23108738660221054
-0.49886490984759396 0.4002660003628502
-0.1417978461360705 -0.1873510638171903
-0.545459278545715 0.4169274532588988
-0.5127461149957909 0.39665061318385514
-0.3111265851157208 0.48469245067564143
0.29590501064837854 0.031439530235034
0.06610144284278723 -0.14592105379594425
-0.3817391329748447 -0.18342407129095306
0.3887882624696014 0.16064224391905707
0.36136624723982813 0.09040667576824489
-0.6356522064710909 0.03382731170996768
0.11915810701130719 -0.17151858863071878
-0.07412785606066317 0.3912263180090822
-0.6255261648390297 0.09063175840912967
-0.09749291777568753 0.47065479833039026
-0.17129065289068346 0.49305717068412813
0.032598072105386296 0.459647190596394
-0.18610992510048674 0.530173542011427
0.3950072339245016 0.02201644303229633
-0.40850756690313517 0.44814684912401087
-0.32674415700603704 0.4653088417041091
-0.07635836792337747 0.4489529182805787
0.33898885140873175 0.34765199945059566
-0.6599306205330341 0.12611088507708965
-0.1409368083509573 0.021531062736549984
-0.5985206247115655 0.38036880892523794
-0.16026295364800622 0.02604431530734644
-0.22444207986748693 0.47798076939065265
-0.44641212836381017 -0.14198794645788723
0.35121418548259725 0.23034674917237416
-0.014784770324397224 0.44748802197776455
-0.08404584542130958 -0.00913403944918457
-0.10967538478351078 0.02051579462028523
-0.24158744744524427 -0.06747362437091037
-0.16536108094539087 -0.056132905311699614
-0.6634016740542553 0.18729849454367573
0.38564140224609766 0.18469752703885783
-0.48075727688140857 -0.07943068324043527
-0.39015404796543274 -0.16735456394504922
-0.07955282809589752 0.38336105039677826
0.2574090478464346 -0.08947826314544254
-0.19743511541449615 -0.14821804811222422
-0.32389960473767376 0.5100844458032134
-0.606016337945175 -1.240498610098939E-4
-0.07087638992314226 0.4450388069579509
-0.42444256940026037 0.45373119125353306
-0.26242257340655367 -0.13035124018947955
0.37765804474115233 0.037635005526391103
-0.3454443498482889 0.48436928642472293
-0.09006755450279949 -0.14604734163016417
0.3554490258563713 0.025946137232116938
-0.41895352743718195 -0.13637658880268816
-0.011085761492244045 0.29726482978796337
-0.5508829248244926 0.012209388258864352
-0.08677470097222074 -0.2109636120974729
-0.4475650609071588 -0.09956489186065842
-0.4574701831360103 0.43590589881411573
-0.26666977443490175 0.5083887169648768
-0.47852949985004317 0.4352040046194272
0.18695361524847592 -0.16774144626626536
0.3488054932330713 0.37799152142689546
-0.07406743332698379 0.493692067160967
-0.2511272016806521 -0.13501355067779192
-0.23996691308255474 -0.15873555215780433
0.35299428273312117 0.35767572167529804
-0.029227752165776905 -0.18172307021762946
-0.051097278800394295 0.3107180887089264
-0.5861702659916204 0.021283497660775575
-0.044436401260295307 0.17484209506584666
-0.6068444017093311 0.3349523695630965
0.2342802170624094 -0.07591121658335642
0.013372229738520596 -0.20534351812560564
0.27017453732943236 0.3525823592302292
-0.05345847929769756 -0.13409104511617406
0.35518449504964733 0.32255915821611286
-0.1534848068998549 -0.030262780374576626
0.2549656579931904 -0.07177677752293637
-0.07024315893181475 0.47778106364378137
-0.09508254279350353 0.44858855611351267
-0.029317563904788246 0.2073981143852302
0.3768888651828469 0.20716191933932418
-0.5278757305881753 0.4129274088415361
-0.0747625547399709 0.04084979237290573
-0.2034920173641036 -0.024972020933379704
-0.13436787925468535 0.10112428512870357
0.35638486015507037 0.27500768979754125
-0.21051834438676365 0.5085936935112362
-0.02616221743092846 0.4559226517466911
-0.5471533361800017 0.37991692381804865
-0.20498370246193948 -0.1786038531776349
-0.5751068327498853 0.039086236163911776
0.392472391231974 0.05731714660869329
-0.17602481767008424 -0.07169312104763453
-0.5688364815621177 -0.10962677150591048
0.29959517908553057 0.39357168027359196
0.3318440563424673 0.2915940154118875
0.017285330677052003 0.4306615480270195
-0.19242407300177244 0.5273744076432131
-0.3822557618452127 -0.1271501656343537
-0.1594694060089326 -0.1675742198659113
0.06441674858901573 0.4920851069311259
0.1690190747638682 -0.1614826852939304
-0.08145401351725658 0.4826278807447583
-0.6485533872811697 0.0641035177707666
-0.38115061427031305 0.4659954127665372
-0.1444019960879071 -0.19215881991544165
-0.07563559043023531 0.2046502853475954
-0.3682800190958193 0.441401963960286
0.2865296289588921 -0.0622695080706643
0.35296140588359626 0.24717634510239048
0.2667656568934649 0.34222424430987036
0.11432453127954091 0.43903393385173284
-0.20688452908490898 0.5285231040090267
-0.15954986420272035 -0.17568385977078757
-0.01965668912652518 0.36814286711835803
-0.36183430585656046 -0.19261306383057633
-0.6350777542553769 0.0340353890619995
-0.4100894822489252 0.4461888313443712
0.4059070671992159 0.21249727235865948
-0.018829440828099186 0.42814552317625765
-0.02099980141892331 0.39660326111732097
0.33944560583049566 -0.06097647705761745
-0.3995857388733191 -0.12587150208194164
-0.592982165665156 0.2762513596785445
-0.33481280489091564 0.4704020739133181
-0.2321738348624415 0.49707103904634037
0.3575503730648569 0.11583406305289373
0.12378965373229694 0.45343871536776004
-0.4405455068584183 0.42057778898172926
0.3332941402129423 0.3752785987967612
-0.05654609913804317 0.2499121612562025
0.0887028707163222 -0.16336024597246515
-0.6332660329477381 0.2643246813617645
-0.04493495437586736 0.4194259081901793
0.3267325833244854 -0.019468014006680506
0.22051558624109172 -0.10478519529710335
-0.06398524055333023 0.4439316722090478
-0.02302834840722426 0.2596097992639189
-0.4793677700325526 -0.1005714603094009
-0.2097946720798537 -0.025772227540177443
-0.17917387672516127 0.5222978733781958
-0.6062766161751315 0.09294829020928413
-0.622003927320361 0.19820081975062845
0.02107845067831704 -0.1998106880519278
0.2809478249564268 -0.0463327192493305
-0.11881654760583103 0.4756294892211171
-0.370174931629328 -0.1859562862498469
-0.20507069895112987 -0.04250297405485298
-0.13035674179251316 0.026352743266825768
-0.34044393721330635 0.49295617972014566
0.05248464918222226 0.4527329012517408
0.13788919290485296 -0.1284538970538144
0.26822667017381224 0.4133436693173414
-0.24757125183838857 -0.15450024265978507
-0.1430991043078393 -0.16022488333100077
-0.14847745720330977 -0.1485012088941488
-0.61364527074441 0.08425380553411893
0.3618967596282861 0.05654432248886849
-0.19455082991992848 -0.08549990547022124
-0.6651260138674003 0.16532020161305033
-0.6179261148873635 0.24806473078627989
-0.5894924490534366 0.11400623272101465
-0.05133925358835105 0.3591719265966613
0.11154599582197079 -0.14475536483329998
0.2770254399417519 0.3772242747035385
-0.05549641250577527 0.21895649895313293
-0.45897531126236024 -0.10073017632287057
0.3491579368319162 0.3066640540960525
-0.014023460247910104 0.443200048594757
-0.10685550738382271 0.13608629523130805
0.0030430925022329803 0.4585980900561058
0.37003821245446694 0.13419530668642513
0.2526740269941134 0.424900134647595
-0.5575786206498803 -0.08439375769714426
-0.6646922338215296 0.1038323002883133
-0.04160241184965059 0.45538521838650403
-0.07075724116534085 0.4111223275731979
-0.2084293038832259 -0.10217531146314722
-0.4636275869521664 -0.1491731644639657
-0.4294758598576352 -0.12818076072299942
-0.08602960137490356 0.0363801998924841
-0.6225482517868689 0.08100893537585704
-0.15040407190070568 0.45616452046098516
0.17072837848729194 -0.1240231301018082
-0.0243296909406043 0.3827452165469346
-0.1015951717341712 -0.18990377517987894
-0.2017366153379798 -0.03797782858411135
-0.21314887681730682 -0.13664128832480343
-0.011440376290309095 -0.19126063492689543
-0.25101122990713215 0.5050550534432564
-0.21351540076594516 0.4904565042883404
-0.02487347832228617 0.46319577079994595
-0.553602481791187 0.009812091798950177
-0.5166588269479007 0.39986861562719744
-0.48104063695790217 -0.13531707580022156
-0.0815984586017739 0.20744165879174375
-0.01816753700377376 0.2535388541601728
0.14781139133034096 0.46955416442845016
-0.5909831999304125 0.3098253311803924
-0.1358485267406989 -0.0032575662222393475
-0.4534931452495269 -0.12361373040733194
0.03965251257991156 0.47667842323532883
-0.0586161960489314 0.4639581576296585
-0.19060171608195656 -0.13632282972703802
-0.15720377699430713 -0.17563261740468478
-0.07874292858601072 0.3904794256947163
-0.6360857332215805 0.07204248306294705
0.018535101662535188 0.48776479157654656
0.07578477546050712 -0.20617344174808125
0.3220156490493 0.2576265208029297
-0.30231675508828193 0.45057613882039554
-0.6028141537933035 0.16020602129732292
-0.5758004683702677 0.3509470483020225
-0.5042988707994869 -0.10615774958740928
-0.08258135438951703 0.4661000022256056
-0.12941625940519771 -0.07092656180697153
0.3048748604911846 0.2726986211015476
-0.18633263950404957 -0.0632606153182915
0.28754052260334634 0.3994624176374791
-0.1347968104846158 0.08101094439640026
-0.3731019375447848 0.5211711402996818
0.03643294731357647 0.4822934915667266
0.33643805264384696 0.049941010016118906
-0.01914076288811221 0.41012308205702924
0.3322278589518197 0.10423936615944948
0.21506529097019325 0.4470425866636216
-0.06362980389922503 0.13228915627857799
0.05053119994973959 -0.1680420483675753
-0.46071851719458273 0.45494106451332583
0.3891868217011703 0.06204750128561765
0.21852767435065534 0.4355134184142966
