2
-0.4257241579729033 -0.10330346251022035
-0.3054178197251922 0.4981510296293083
0.5734413246494235 0.10225300810463125
0.4981168675434031 0.19272689866673584
0.05213487734228276 0.09671336033603287
-0.09899284958870509 -0.1872975963949392
0.08855254667272883 0.3177100262600779
-0.47693704950591553 -0.07343711015848858
-0.4486584698521975 0.3983956414252167
0.2951189329300536 -0.13206218558400942
-0.18640423481119758 0.5395771406053965
0.09091478989151502 0.3817682566355878
-0.07608843572418475 0.4932400782515998
0.05470073110773361 0.27501074221303684
0.519890956806737 -0.039098081516875896
0.21758177399447978 0.5155812076460295
-0.39876199977357335 -0.07022452044008692
0.014900390296008557 -0.1636843159570185
0.08680547544806852 0.37579221530541407
0.2343099161047716 0.5251979145209966
-0.393057422496384 0.41588156953343913
-0.4806720810674716 0.023714699665844705
0.22791722030355327 -0.1239604201091106
-0.0744644070399797 0.5206942823363712
0.022845047460088117 0.5354200585892892
0.10956906769088258 0.2679518408410388
-0.28008751828827694 0.5398115354441195
-0.48726679349626884 0.06411024977845822
0.17368454901826055 -0.2027836025296951
0.2651335275564503 0.49652812366218135
-0.5401196005552164 0.31004586750860774
-0.010585022268779767 0.5381394903465613
0.48761080094536435 -0.03583301199747571
0.5095053301358554 0.005822051002841893
0.06778900752163168 0.050593507330661015
0.4545797094966499 0.4016401879866723
0.07449211302068326 0.16383709542848937
-0.2939086429226629 -0.15522610093296577
-0.37596996338338956 -0.11257585317455096
-0.5431414598752468 0.07764286963346743
0.1860957120837516 -0.1839739589888408
-0.43286208289598127 0.43533936312585203
0.37033440102642656 0.47699714933921183
-0.18063059454415822 0.5026790285005475
0.02785015126005779 -0.1359248948783926
-0.15422805920520916 0.4991596842047409
-0.34057920492362836 -0.17912376428504956
0.01920139860067176 0.5074229206445706
-0.10546696184304798 -0.1781534799807408
0.5295557746940492 0.11382440769130217
0.43111289312830364 -0.07517020076751389
0.23217223516748922 -0.17883832253836868
0.015173307631539311 -0.002690846905195106
0.07332281020714694 -0.19094718527011367
-0.1163204469669129 -0.0979903226314777
0.27970321528497055 -0.17351412995324153
-0.3142843162778898 0.5365277296039525
-0.07374807429019332 -0.17357592207419903
0.57881707305889 0.22333957439204738
0.09700306172970954 0.4624903880301147
0.10156597996729261 0.3185680380080567
0.08980865752822088 0.37927776939080426
-0.2429968331840115 0.4839702343448973
0.05357818267040652 0.4080275124471079
0.06601932735924795 -0.19759986909012583
0.23933010222866755 0.468751991793029
0.18024198943626932 -0.1640947465342043
-0.4482743776595661 0.3944934668024852
-0.455230620971227 0.30130540681304324
0.5726587927164682 0.14095967240463286
-0.0051782116342603025 -0.1396643889880365
0.12944937910712193 0.49359004855720484
-0.4887949584488965 0.011904804446440948
0.11767155953731352 0.3556908782085698
0.10762143444767881 0.36217612842328656
0.021171219470787907 0.08948403075693799
-0.33131114667753886 -0.13627588004061333
0.12346931467137703 0.4621039114309251
0.4457293426559719 -0.09622706478916086
0.032683199893144776 0.11012236401913336
0.1711446460718658 -0.152134518894516
0.08739276683634406 0.221630297780344
0.05401130617145327 0.08141445393019373
-0.4873221707921696 -0.08418274804024103
0.06539473827633004 0.3398611822506502
0.07857401617379348 0.23610198955680686
-0.47455066792002726 0.36046266004677857
-0.5281070508779004 0.027925536068268003
0.13111201694528404 -0.14118593242699376
0.04509139048802353 0.01991314780310764
0.3012382727285097 -0.14070689301661332
-0.3475779042960477 0.45651122094091484
-0.459676725228908 0.37914412376956136
0.04596479728919197 -0.007812957138647979
-0.281562411067805 -0.11454187013043395
-0.06259937315640153 -0.16670136143964062
0.04145024994385172 0.2326639799693003
0.26121130804937404 -0.118235623910237
0.479098652524284 0.406234376693954
0.5684165282437826 0.17832981940593953
-0.0970958452516525 -0.1593701856774419
-0.007024388843237641 0.5376957844244451
0.13622349684185603 0.466650075305596
0.2546126788823574 -0.16446668899853364
-0.03507542457232698 -0.18214117421708864
0.22502401857350038 0.5241420405237073
-0.5646742924264995 0.09454249405523626
0.5402110433622689 0.30055942158987553
-0.05765871951124514 -0.1926967219881688
0.176644038419909 -0.13550631996155385
-0.36090873682725666 -0.1124946633372275
0.4127653888073123 -0.11959447661876614
0.3885709228738267 -0.07637590817899025
0.04355721039398475 0.3251174294074599
-0.0533230449502643 -0.03925081466026162
-0.4971621617041482 0.04521116129220994
-0.1908933980822372 0.5249808129215412
-0.5605021394071198 0.051086744039048615
0.048536141904198186 0.4579157230227046
0.24699569616058775 0.5114796337244805
0.5076833497061292 0.00344942604954421
0.0909678624302262 0.39122440991499946
-0.48100697944420534 0.22209149768897285
0.3300387226783619 0.48288055720065143
-0.3864597116968975 0.4461949955648987
0.3510140327710172 0.4744434340100071
-0.23123618716678077 0.5383262895775257
0.529193121058473 0.05303983869090473
0.09041692489892872 0.4817624304941498
-0.02430938771111433 -0.09294860802234534
0.1749129424087541 0.4718745107690282
0.3326472535530399 0.44432957991453437
0.0704504500404814 0.11193917674715351
-0.5075025324215832 0.3147167236591827
0.08633451866958221 0.21147898088312217
0.20392188715144224 0.5209641445610792
-0.1943507385242678 -0.1637450595747712
-0.10314120361924817 -0.13348396047928116
0.07543084399454812 0.1809715555047967
0.0654981134565465 0.27368961435443045
0.4061056439190531 -0.07668423951778701
-0.41937299097036496 -0.13144351871832158
0.2112201416495333 -0.14472577077847934
-0.4734643599865405 0.3703559396912088
-0.47242270479400067 0.040822687750842114
0.5623288760808539 0.21776282464637756
0.19231216404433857 -0.20145214953303234
-0.08959724861551081 0.5250170930915686
-0.25848662678306644 -0.15236748989683974
0.24908266058561404 0.46920222006899487
0.14337581937730476 0.506086441463942
-0.5652262010691053 0.1679149394688641
-0.058640829091547365 0.5332459874030848
-0.02186101586169836 -0.18387647374308813
0.02588770701763508 0.07759350218659165
0.1068970553814963 0.38976686817536704
0.07004452180055333 0.49265782807430836
-0.22816518767947533 0.5107130373192724
-0.34023901393953804 -0.10563065274798135
-0.30737137368294254 0.5028626276930059
0.37494449971002214 0.4709056934969657
0.02339900617883605 -0.18125254909752053
0.45357705602507 0.3933518203286306
-0.2866999091543541 -0.19141817487336843
-0.0850364314201865 -0.10475403436390952
0.2025095010565017 -0.14047518932980949
-0.3524219447764209 -0.13644624421959142
-0.5105612551545132 0.07273728073827442
-0.07359713705094634 -0.1063379589251618
-0.037890445909361956 -0.12965852327344843
-0.33134040628801376 0.4585621981511966
0.06812297620040568 0.40663043050055514
-0.4600754890621524 0.40637639431586514
-0.5549228669448001 0.09902478001206778
-0.46300301114426434 0.01240704906249448
-0.30533519461321684 0.5128736816630536
0.02356044865596497 0.005523969070775176
0.36424059747528 -0.10803998513716408
-0.4836886591767045 0.33527018019473026
0.07270029998924789 0.20422404815775944
-0.2570076260894391 -0.12951501244124417
0.10194537041069963 0.29200026290791486
0.03080064257269669 -0.029809695907514044
-0.5170302534086115 0.29088263731919656
0.04358808116649262 -0.06743012201255302
0.07923379959365945 0.2306183479462491
0.07475919430850411 0.37879064360771214
-0.4732502015345705 -0.04305422909401367
0.04891688984642542 0.18946458219110315
0.006370253184965122 -0.1450150462854371
-0.5407808850145371 0.15644901672142233
0.11839265708027975 0.4432787184671623
0.5310171797035754 0.1337474086066652
0.4692592861150147 0.3733360974452062
0.07357078772587936 -0.15142330295240716
0.5760660180269183 0.1353558571320364
-0.07811512601719926 0.4942125412727409
0.45359963957161425 0.3643595945889326
0.3457213322608487 0.479773331457145
0.47390534464824424 0.35057135147648893
