2
0.04065990032939681 0.637684560732688
-0.6723066963278729 -0.15231073255650227
-0.7423368885916286 0.05958007558044244
-0.7040154230686797 0.3014553784841606
-0.17096263157148078 0.714871752050445
-0.020396510429355884 -0.2826146435228524
0.8166735678391297 -0.5451547959922937
0.19900356063767427 0.43210427339147495
-0.4696418993379853 0.6326094763914999
-0.3836581628870586 0.7192208005465064
-0.6397800409706346 0.46003736700193265
-0.421990734085974 -0.29372058115360533
0.8061362537812579 -0.5339643650705042
-0.20421159294593982 0.39524648643584204
0.702894135773912 -0.7039896121056674
0.7855144033773233 -0.5810621365435615
-0.4075911070800107 -0.001246810270376386
0.7601241551678348 -0.6350798953591328
-0.26041149894418214 0.6909158117135648
0.5174654980198441 -0.37053385578173975
-0.49628504667968343 0.6347114947657476
0.8284656197087971 -0.5271638608786274
-0.13802573609434507 -0.038535016138063725
0.04511428479563619 0.583575811880961
-0.43887253088700023 0.37149446923686136
0.8010486913068743 -0.6918556480990063
-0.4453170110097388 0.31494955627627247
-0.7548619788512662 0.2751762403996256
-0.7539930614538378 0.22009577154857662
-0.1775470755523611 0.4309290409937941
0.1912512307797948 0.4026149441445578
-0.07324332114529511 0.6282300515488353
0.1774067477188233 0.09864396399409828
-0.6624833053616008 0.4374748836444513
0.7801094369940617 -0.44492766795364164
-0.40362117398186903 0.7079583829829759
-0.6314254379340718 0.4386734303884731
-0.762330958842017 -0.0549177706160602
-0.2942990337344209 0.6926093603567229
-0.013324767552372047 -0.27779139101083256
-0.7032433374087793 0.30241966373753426
-0.20927046433568658 0.45458166346374135
0.7058717754537185 -0.31581594297079446
0.514596354512714 -0.3193409430343606
-0.7194748256671285 0.15158364986630063
-0.3628636152390922 -0.3283987002391448
0.07064266112051618 -0.20810557139886632
-0.17161620402057914 0.6984806086617374
-0.18988881341186384 -0.327940422151641
-0.5099448367890496 0.19262726083741388
0.5826973140483283 -0.6971927486540206
-0.24292373754223548 -0.2945629802559923
-0.184593549558062 0.7085862510074937
0.0025627604363495492 0.625634753653397
0.5163908007706934 -0.6527959135802784
0.14071114179028976 -0.16548219228979577
0.8133926790083448 -0.5118346378537559
-0.017906714612415536 0.10088749209705118
-0.02686225569358688 0.19156034982127343
-0.6146266987137093 -0.19727382684462783
-0.031562835020985745 0.06472263636524
-0.06942507491982686 0.3087401810403906
-0.5799891207519744 -0.22075223387932416
-0.015556759466554316 0.6572564118234406
0.18848981085287447 0.09987065589264905
0.19817886058735876 0.14126575199770514
-0.19473137574775856 0.44870831835053065
-0.20081942021257276 -0.0603427402366727
-0.45893701548368737 0.11909829509136292
0.19601025587781445 0.3799327022773122
0.45600171316028254 -0.6323110135319581
0.7948127308823204 -0.5313104147100497
-0.7616946877582212 -0.05407211877252659
0.7750635036685477 -0.35095516112760095
-0.7241897527397338 0.09971767295306184
0.012582448497173004 -0.2605511996788332
0.8071602325853768 -0.5747860127569
-0.0513272378395258 0.6442260923923002
-0.41227274603693775 0.35534189741010636
-0.019591541856872632 -0.3180655896439964
-0.17480354279450827 0.7174739057995059
-0.03315232052275121 0.03688664442196
0.5894928094055981 -0.3842570286407795
0.49493059777537385 -0.32005566310879924
-0.07812282861181927 -0.2843939930313608
-0.39337361862552833 0.6726769914611335
-0.08191248363133677 0.35017949436940443
0.09574468684859654 -0.10238295620410687
-0.31453545442078906 0.6869016705388163
-0.37709667886472925 0.7044234907558723
0.17815546843437421 0.06463853525364299
0.5585829459600499 -0.7171935641926799
0.6541023983993248 -0.7231107307798091
0.39909846050628556 -0.4953907089426531
-0.22208183849769833 0.7070806142870396
-0.10860377246540148 0.6937531467206425
-0.19745037689770517 0.46393152312204583
0.4865264054638076 -0.6442151615597425
0.6464022081452305 -0.27857751753948606
-0.7709217624940372 -0.005122170086024388
0.586883286613784 -0.6687030067960711
-0.6379336595512615 -0.1873042144681066
-0.32605830558204524 -0.28875722231806017
-0.03106092765532253 0.03563402057833893
-0.26841330899287785 0.46664267105374013
-0.20427422675794152 -0.04259685332143969
-0.029362587712668642 -0.308213178270993
-0.553347396397413 -0.2334465258088187
0.1467840343073658 -0.052522629462906895
0.46626663068903157 -0.5850925108998891
-0.7719068386713454 0.2351879695462326
-0.2120638974332753 0.41889551593501817
0.8013129929437836 -0.3714414857138064
-0.45244557437610355 -0.3082240687098467
-0.225029246235194 0.7289140232349021
-0.5419956748993284 0.6186739165504547
0.4665062436269327 -0.3366923444952757
0.49070008832714185 -0.3559922761183185
0.0900432808315376 -0.13204489261128535
-0.2111258502215992 0.4589468052119479
-0.1706840465724264 -0.34045373714304333
0.12738954715884385 -0.15380552923736882
0.7808143007695173 -0.6228061840335904
-0.6994536000328327 0.3261170788270033
-0.12823837582342945 0.6768194240516313
-0.4252949743844341 -0.30806529126567245
0.6147419178276273 -0.3315937211832117
0.49595861802046426 -0.6533972230265319
0.12327803473995023 -0.10170873337015526
-0.4187658123202061 0.03878288810754517
-0.45967191601352664 0.12976730121427144
-0.10194685831334198 -0.0037344761296878915
-0.2966136157617286 -0.2920045963640183
-0.41832785636235653 0.3297497416092953
0.19680482199902202 0.1779071561849269
-0.4063280379143416 0.6997637793088742
0.06420806908524658 -0.24589353787810106
-0.7475531787821118 0.11419137673081195
-0.672796267599803 0.39015879255026087
0.43660708097267803 -0.48947370468554446
0.10902024955746394 -0.05580168444101238
-0.4591929289928947 0.2838280609544471
-0.14976679329316425 0.6676420323455776
-0.39233109654043813 0.4043198226073455
0.7476486836518199 -0.6641626320275158
0.580971744506017 -0.6853793701092352
-0.02505759951196372 0.32158912675658713
0.20975240068399065 0.11708041139404504
-0.28466032220428567 0.43199212245967733
0.7633468231415512 -0.6576972031715189
-0.39804423670359756 0.3558238606920034
-0.1094186816510745 -0.06254369392032838
0.57551603260919 -0.7043769704333775
0.14980984818658688 0.4551879150789201
-0.45055008376216127 0.04756421475563665
-0.061572159507650215 0.07970575860322242
0.47183484693539013 -0.3218838878415922
0.6696364674496689 -0.32089423459112065
-0.4756506560976455 0.28339306643149276
-0.3666942854000179 0.4232050226407073
-0.4487718861006535 -0.2813933218012079
-0.5931972821787379 0.5259785319807261
-0.7838945869908951 0.023999222310896472
-0.6320813679533738 -0.2591495110846472
-0.5362133143154575 -0.29429443874386624
-0.2265277825645194 0.46628218869412
-0.014772084809333516 0.1001322191782405
-0.4843204630366188 0.14008419949836176
0.6041112395454413 -0.6869768285407499
0.4864696241437097 -0.37687360161432687
0.6114596578411395 -0.6735278390272916
-0.03259959037618728 0.3104673037218741
0.39876685799683137 -0.414813931110826
-0.4565494509392113 0.34525642691279385
0.39712268627388064 -0.4402096994749324
-0.45621410936793105 0.18400465196556828
-0.6109257496955365 0.5117569846994511
0.09663699999433921 -0.18206581423802484
0.006386039173239245 0.5895339432228438
0.664314649561206 -0.3278809300147153
0.8343169265413863 -0.4940647043975025
0.5410629289816995 -0.3522742059840656
-0.12565700216126213 0.3861436601602216
-0.7555403954267009 -0.09371421351728827
-0.04912661980262309 0.013131149121613058
-0.4620666918643796 -0.28028989346289845
0.8008404280705539 -0.4383313211853897
-0.7408514229968866 0.08786617312305736
-0.6455370112488202 0.5081392171127816
-0.1080576126517326 -0.009807105516773239
0.5496408921137078 -0.6714125894202969
-0.07909912315669242 0.6199585755671511
-0.46770929250570975 0.23868757251896103
0.7042222252565434 -0.3286682743744668
-0.2229471553717815 0.4594979314390279
-0.0871408883655198 0.6567793561451729
0.18272199687376012 0.424269942879497
-0.29333178917868397 0.43948020805525656
-0.20103105673494043 0.4725176689165941
-0.22003058205792295 0.44419920342440844
-0.4277842520364727 -0.30428085731795385
0.15871372346228915 -0.06678607344277017
-0.008692816119470877 -0.3185106082019126
-0.4208195538227736 -0.04141153404665507
-0.11407730102556135 -0.28038778726778824
-0.07579835328184742 -0.3434293035606765
0.6261542643720336 -0.34023492597127586
-0.7249346502054118 0.11007051139483054
0.759619806046469 -0.6943526226327527
-0.34950736523283277 -0.04864191120046049
-0.6822014287577756 -0.1619029958489017
-0.7626118457889669 -0.13935581679921027
-0.573502552418146 -0.26873436610999724
-0.1489744567767885 0.7094514834903244
0.4826449436935883 -0.6089933434836572
0.22516977293904936 0.27741495836157554
-0.08725403435021235 0.38600602829343256
-0.3771290589102033 -0.044840443541211056
-0.20527539272760065 0.4452596795126168
0.3977594474197518 -0.4202968309617556
-0.022432214392783482 0.24171642288996595
0.5457275264553776 -0.7010289310475935
-0.14584816815895787 -0.32791686388711866
-0.05271541957579965 0.026076206915630184
-0.050495662292940245 0.17045772596540823
0.7316367150590926 -0.6826828192711017
0.15276674987900415 -0.12848103757564597
-0.1780308877874175 0.7133803474731976
-0.4548532646885416 0.2397390585248605
0.7287662687417874 -0.30494622246171654
-0.3506580858090123 0.4494820857660127
0.5461777767471466 -0.35537360086509145
0.12839545762560345 -0.038729252099208224
-0.558727379700008 -0.25847803091375643
-0.7272152470294551 0.21234944866269936
-0.24267256218016467 0.6894454466798472
-0.2148859592644997 0.4547216028562981
0.4571604503799775 -0.5560514353651763
0.11907286725027631 -0.12975264620585278
0.4553405504774266 -0.6135571248987574
-0.13404857854168123 -0.32465034273156845
-0.4161164333489094 -0.01306469731758625
0.7362137295952244 -0.6947043423854721
0.5570996573684306 -0.6921924854901829
-0.6907127349706976 0.3605084352006047
-0.2361600014562083 0.6838559146844756
-0.13534161994817073 0.3949085103117369
0.11639566988036032 0.5663114362586309
-0.12331565011133819 -0.31841975576037934
-0.46776024612753975 0.06180045388660138
-0.03501321311365606 0.34617581887924465
0.059146541906524325 0.5900311748626611
0.44491167714626345 -0.48514584434293967
-0.1652674953244171 0.43294323967745885
-0.4096795243392898 0.34869073265367867
-0.23246984986869346 0.4540665351569049
0.5815317634047716 -0.7260841789120548
-0.34832529921406147 0.7285311446217203
-0.4055272165304798 0.319946295207835
-0.3815409813929728 0.7012283784124957
-0.331441492570475 -0.04941760536834711
-0.006675576608370951 0.6104258764432393
0.19165177253452725 0.2895988666865723
-0.5518082668783293 0.5751121817091792
-0.7692115616206295 0.03463199633106494
0.6389111734838737 -0.32737908232087326
-0.24374785676050748 -0.33017960655634077
0.18582641984014306 0.5025027203643334
-0.48124552374228197 0.2278766366374837
-0.04756337561309996 0.2680574279798982
-0.731422744358956 -0.1313638959309024
0.1872888015721302 0.01433394800395168
0.6075143497831995 -0.6678230275069027
0.7925545842166366 -0.6689496204084991
0.20422031043474193 0.43156866708951686
-0.7517887154880628 0.1154567409327719
0.004998870255581664 0.14379677744027353
0.11628721333451475 -0.08396014250190831
-0.4653615262680822 0.19408433922543017
-0.19453338281488367 0.45324584044188576
0.16407492251082034 0.48137780376249245
0.7899934685803509 -0.3507972416142168
0.15084175359231627 0.19326110548723288
-0.7335963935077948 0.17027264484897406
-0.24917561977482716 0.43511518601983473
-0.7774187923295246 0.12403043510987952
-0.045576922566997385 0.09510662672244904
0.8153661518471752 -0.6297842061887987
-0.6188634591893104 0.5304297053110836
0.5321132648773595 -0.33136850201454915
-0.6329558922185697 0.5307116281895244
0.8055274629528749 -0.6677898364100455
-0.36810867397888547 0.7072326863882424
-0.47230000432334557 0.6345892588075283
-0.005704040692313773 -0.30340117284677887
0.830438414030887 -0.5430531548017404
-0.49822646170495316 0.6090954700288546
0.3972296575199139 -0.4086430052196535
0.40924203880230153 -0.5311146752894096
-0.34936038857432056 -0.3419680068408335
0.5634381486955675 -0.7080651388572551
0.7713967981400291 -0.370255523018634
-0.16841176058330803 0.4372175283874776
-0.4504461396773407 0.12105777165288734
0.16667626034962002 0.4792087744519289
-0.08101892007074847 0.33970289112539415
0.6336470710110045 -0.3204711800111314
0.1829929451869581 0.1638672211242268
-0.11858888891498319 -0.3532508818804699
-0.04926224302657999 0.3080189097832294
-0.13926633049418816 -0.034155356740024366
-0.10868685406249332 0.3479402450346765
-0.7668835403349928 -0.014758239511871996
-0.03041340143259087 0.6373489801257658
0.6213529768612591 -0.34471578878783815
-0.477462236615666 0.12935648970259686
0.5782627741961415 -0.6846704286916311
0.3896948606383294 -0.4240714626315071
-0.4618246017024834 0.0750824476549451
-0.058034540610419946 0.06506960887550178
-0.5663404076288259 0.629364002587178
0.7932087879583966 -0.612722140735796
-0.20898036897315764 0.7272136513174503
0.6022337301152584 -0.7137440152948762
-0.432257818874538 0.3149635171847534
-0.4592030130090123 0.14129655778698483
0.1845326486661717 0.14037280779530192
-0.025825983904748946 0.2552796794156965
0.15061360435991028 0.018753258384135166
-0.7458388349195431 0.21229235792244547
-0.5406884116015525 0.6059949816022239
-0.006921191271440534 -0.2869893426622421
0.5396663143799149 -0.646040091662428
0.8019119663842548 -0.6342731915614747
0.5658502476826857 -0.32999899499025104
0.7738683137494146 -0.34115467010184225
-0.20446286705141792 0.40291842940516764
-0.22863355872539662 0.6837808639348218
0.6159142903087959 -0.6896178083141874
0.48542806095686103 -0.3565262288451216
-0.05433757649040103 0.6616802359561168
-0.1687674209661058 -0.2930864023724564
-0.05424607804614065 0.2812445858707512
0.14242272077487694 0.05421660106173666
-0.040203309875130724 0.032128477602050225
-0.7328615031385688 0.1810742801323689
0.47328417268428097 -0.6301422394736536
0.05217524941321471 -0.2387168143651102
0.5535374689975564 -0.6593610819666661
-0.5497939244799603 0.6047983844474324
0.17366759730951722 0.4612609738460796
0.8214009783337516 -0.5794185672649557
-0.264504240023591 0.41137438550741695
-0.18163898529771388 -0.28959497187769084
0.7246222287655196 -0.32159601837883467
-0.05062985650937624 0.6814047975345068
0.7912642669001972 -0.4965664055816965
0.4741468095430315 -0.5644162798583127
-0.02908436735262664 0.3079742778074886
-0.4728937964079957 0.30876741272765135
0.18276538300219877 0.06762456499321956
-0.5918643345208495 0.5558118635405015
0.3968939652716377 -0.37034631623179126
0.5765111164797823 -0.6896464509911353
0.41157391003962707 -0.5860675689613841
-0.18972845054729806 -0.3357184724730445
-0.600133773507989 0.5895550250952325
0.6088426518235525 -0.6696736800156535
-0.18726085052112684 0.42146748250214067
-0.27736055190729636 0.72766755936959
0.8090519996295389 -0.6563192414824367
0.16541929062219424 0.22993576245096306
-0.7085226040075463 0.32214550059559327
-0.4171029289186719 0.653139479362824
0.4546055902610664 -0.5922467410476654
-0.545204528653193 -0.26535481293758795
-0.02779781300366229 -0.30576476440918915
0.464597428670938 -0.5288267610548633
-0.44438246578317253 0.35235758676182094
0.15660047216302644 0.11602320954746441
0.18103936554590727 0.31220732764856907
-0.46446040408419037 0.2766225378490203
-0.08503420306139976 0.030345394197272904
0.05610137902366091 0.5772609798132871
-0.017429622695711185 0.20170184319081935
-0.1252228889984508 0.7038297490725076
0.8091103089378828 -0.4964602308627443
-0.23799886638243303 0.4705360023739319
0.6157268734218574 -0.6737689838908075
0.8329890159363792 -0.4697065575397596
0.12239589567181251 -0.11537806387445054
-0.03365016095498087 -0.27077735633286504
-0.40081058311027923 0.3721166456292703
0.7729107300609064 -0.4391034908741703
-0.05185006376145547 0.6343385994288514
-0.4436019878081944 0.22147806176431373
-0.490010555335827 0.6501277102517014
-0.6069025432602323 -0.2223974836993663
-0.32716746815911524 -0.036156871360768526
-0.499579007344841 -0.2826557472438528
-0.7763900669182051 0.12966659717980045
-0.5305483278527977 0.5778482320155479
0.8180515427814226 -0.5929250053540431
0.4229942656223631 -0.43413109994026117
0.21306000068632727 0.33415180875024836
0.15802179439138342 0.06193058663215368
-0.6516070010650281 0.4719229555238088
-0.4101000789576906 0.6785263689469997
-0.7785050676995094 -0.015538834878725916
-0.05709537473441117 0.03883996432012073
0.04740528905066355 -0.21849132534014493
-0.6345382600281698 0.5570821426216251
-0.07536711298363817 0.08759899681104458
-0.1286736512385619 -0.32210460577084954
-0.35028636012498554 -0.03173141578339009
0.835640158197934 -0.5853439967458568
0.4254824911979292 -0.3898663844084568
-0.06586426967187094 0.6668574857833118
0.5507960428196235 -0.6663970347204796
0.6520022941216795 -0.6852321200941727
-0.7719247143113719 0.13041754521602342
-0.5059813053276666 0.192598615082989
0.19742316346426492 0.4413689879611218
-0.12861729189746976 0.6479289518808967
-0.464340061996825 -0.3165142550289511
-0.4709310615853701 0.2445635388177673
-0.292180579921625 -0.055580983833267324
-0.6229989306711478 -0.1944640901429426
0.7321615602680656 -0.29884007405207624
-0.43740851624415406 0.07082387457282929
0.18790715624614981 0.2997265108021137
-9.965214299163941E-4 0.20643822822301122
-0.18636090199086947 0.6872698296330676
0.7978415297019509 -0.43514975186137633
-0.19811619284181214 0.41939981392399406
0.669177980431398 -0.32075634955470134
-0.27767985567399117 0.6907018544164016
0.5321432128836646 -0.6651371407517481
-0.1081466579606835 -0.31460822450094894
-0.22737128105438587 -0.31012762152046225
-0.4204444515285625 0.037201525919217035
0.7718250236464216 -0.7398918062827446
-0.22104539701811934 0.6883044330252155
0.7618103284934932 -0.7376008880401567
-0.260950794595361 -0.03884418062070703
-0.4456824888458823 0.06964661621989895
-0.19259947135442795 -0.34130428976307714
-0.43780863048239205 0.35850072709500824
-0.2520185694673844 -0.05903586052122705
-0.16674892363176108 0.6692225244977044
0.043063593244435004 0.5827195939410291
-0.3060672118699351 -0.04647730353495679
-0.5821759837952305 -0.20726045658473652
-0.19353280175929788 0.6871924225094422
-0.25695251996126245 0.42610574548076774
0.3970012496302739 -0.39804400309296795
-0.2312585713820991 0.4069647007433887
0.5488485963125975 -0.715360122886616
-0.5445936195024629 0.6014089457967177
-0.6019123063600891 0.5553115707118834
-0.3118477334758024 -0.07197357538884035
-0.018217295536649657 0.19437668494128407
-0.45785536981502306 0.2197999573497296
0.41990200278822915 -0.3756752960784352
-0.25137851074542134 -0.03273110391705586
0.1288983562009571 -0.04815015826173805
0.12385078641278312 -0.09957283075999632
0.16686519214277154 -0.0182163110957553
-0.3938997538088042 0.7196717371437406
0.670124419349869 -0.30195574955622667
0.40412489915436195 -0.46244710709171954
-0.18074563789380355 0.7220557472513913
0.22662652314868012 0.2691419665247761
0.4097779856028188 -0.3830419328203103
-0.02032086718746977 0.3515926328053332
0.10713953459362661 0.5252452200579522
0.7746128066376226 -0.4122916685690719
0.009298570472712224 -0.27520209670900936
-0.21903681907014583 0.44152683040529067
-0.7340146526116359 -0.05546905017484164
0.13544336042994246 0.5696226439469358
-0.7352630400549016 0.24802808018371544
-0.014945993238466524 0.07624569298813848
-0.3757589335874955 -0.28874152527042457
0.1459500288726978 0.01250558222663623
-0.006817124567410436 0.18281177788408512
0.6573540924364516 -0.7421044364431642
-0.08372370997337839 0.7038079589782673
-0.7415681428520657 0.18089054661590448
0.22430780511291706 0.3325355692827166
-0.6419696040565687 0.41121973296125464
-0.401696486507585 0.38978738690056275
0.16723016571142238 -0.06384800750231118
-0.3335584625183684 0.6996791267929422
-0.6169024165042901 0.48256111913927685
0.5971292766374029 -0.3332873996633496
-0.2885329287811865 0.6741874417830972
0.8410931270017299 -0.4867211028253998
-0.7613961929341969 -0.009381334478798825
0.8183594820021809 -0.40596900448171597
0.060068456162288154 0.578355227782274
-0.17776413508947825 0.4269714975465105
-0.7004847225857592 0.28822382982512845
-0.11461506704167941 -0.3208755869663825
0.18562210684495672 0.2900528066479868
0.5036680339058086 -0.37491043833561793
0.1826172649420814 0.41366133796724097
0.7730904180221686 -0.5982113394361331
-0.4780319500281364 0.029619971483752464
-0.5039966063129172 0.17551976832337915
0.19505385576507744 0.43139950138464866
0.6574311106121199 -0.35436751400382
-0.4766521463917125 0.2826340949054722
-0.19899579557548408 0.7413530621494395
0.7403501149822254 -0.31448008577446407
-0.15952939833445282 0.40753410047650324
0.5671193014338094 -0.3422026316513097
0.5217117969476631 -0.6612392328320525
-0.5981016464064284 0.5879774469036877
-0.18649123612168314 -0.29226135872349557
-0.35919410165615695 0.44583211882699286
0.7454885224696413 -0.2806494481112499
0.8099448814321022 -0.5685873494370174
-0.03812189025192671 0.6400420061690325
-0.45573631712245743 0.12076645999397707
-0.17633952476672807 0.4514932378521927
0.022084967733265255 -0.224086888257141
-0.23281210993835705 0.43378506678021894
0.41901083053064764 -0.5309580166013694
-0.06405747440193674 0.6034317136658979
0.4758284289828229 -0.6357885140459848
-0.44708768479813754 0.027077634413121814
-0.7240547757607381 -0.18199195509154853
-0.6530972436198592 0.3880535560926782
-0.04506370437594247 0.21698239174496906
-0.5160801779122262 0.663783487580589
-0.300228456797637 -0.01641669661860173
-0.46461775650454323 0.2483625967580585
-0.11104966268075259 0.652491515707166
0.6364908528257947 -0.36800685771397884
-0.3498609340591786 0.6971646946634695
-0.6573050552923713 0.3539216363402865
0.2043085939070638 0.17619138282022476
-0.44076124762077606 0.032322937937149354
-0.6475788852594434 -0.212419872600676
-0.011741966512568069 0.6385255199841161
-0.35767190609919935 -0.06738387390683764
-0.5062010456085356 0.6370744211422885
-0.3314199402086255 -0.3049859720919712
-0.6346215137831706 0.4547674144742229
0.5041406115495367 -0.3258980126813263
0.037185450759136526 -0.23726675841408754
0.567324838286977 -0.34628234042075273
-0.3147527090486881 0.701981422065637
-0.42461134312808535 -0.31821515582310855
-0.6646692491458946 0.4118154809290168
-0.4738857027559388 0.33894897239277116
-0.25289852496165566 0.4602816893885079
-0.5758730396592858 0.5973337884432331
-0.17047395996202236 0.699014597243184
-0.2611773357846134 -0.335697155817371
-0.5763270018165776 0.605071776491488
-0.5027373314940988 0.1989710044909405
-0.0424045607763558 0.02763084722752865
0.6220631897344788 -0.30827454857807574
0.7367857822470337 -0.2698649553806369
-0.5859944418595421 0.5758359420086957
-0.3669945388189393 0.6920436968123975
-0.013071034829920147 0.6580559151775149
-0.03504569346284654 0.08990380581807832
-0.46747912643690515 0.2306763071179708
0.8143945929164313 -0.5728169945512063
-0.08541034544954186 0.36223790306839465
-0.4535873075082935 0.10607528228369119
0.04161543360429486 -0.20781049177571012
0.10187517278303365 0.5665667926075078
0.5404458766939998 -0.6769400143716441
0.45382880142484355 -0.36960392962394584
-0.1871576392292485 0.3950960250554795
0.15491016043796169 0.4298353530754183
0.7690559996674464 -0.6849169667150052
-0.23563335151356066 0.47417378545592415
-0.49011888818191596 0.681533969328245
-0.2837319673041021 -0.32450987729574476
-0.37918687158265824 0.39696241919310976
-0.19591403011190947 0.6958948732152299
0.16810417435496353 0.3982886006067639
-0.03582388671832897 0.33474104509548125
-0.4686369027414891 0.6616722574406105
0.10224336138454343 -0.20876877613124653
0.5778798591351074 -0.7192883223389492
-0.17300674075846492 0.7413114535035773
-0.2773160513140467 -0.06447824244216198
-0.11778184230941369 -0.3019614660931582
-0.6696180995789692 0.3426100548416004
-0.7251600499095693 0.08307816918250467
-0.36940625069855626 0.4323198687753455
-0.3718048188245215 0.39268634296094795
0.19114800913233276 0.31855733271070324
0.09732438260240883 -0.20546351655807218
-0.4427833792098545 0.20726058643950987
0.10706192807935282 -0.053453360795133256
0.7976841427185521 -0.628993038705323
-0.23421299445180022 0.41760831783136865
-0.4080501585508448 0.4020673878067427
-0.7234466701167124 -0.050628392163741674
0.8430493181222535 -0.47740711502775485
-9.80198351263084E-4 0.1789238664360758
0.5807379656718691 -0.6780152079218844
0.7835027286481363 -0.6103886544627604
0.14091047122934736 0.5174283985078908
-0.20346619865251758 0.4210689875472838
0.7909728597228487 -0.553662182780705
-0.23986676750923094 0.43379276704595743
0.39569488907910794 -0.45261169902824105
0.6864821618169267 -0.276597416400723
-0.07523170996885616 -0.03907040368744295
-0.12168420913353487 0.7045678060626248
0.5641890770433484 -0.3830493848001419
-0.19703664955285632 0.4449102110947263
-0.2932959775699816 0.43918023590442573
-0.47170411879541585 0.6266094227142472
-0.4544290279253996 0.6598485868004123
0.4729628116256739 -0.6128278881717898
-0.283269237265308 -0.03704052955000918
-0.25378382384128545 0.6845208235889625
0.5587504159130897 -0.3741251370981117
-0.6766913227017889 -0.15678080829945829
0.17144028393129626 0.016865137754271776
-0.052828536484828985 0.31732702859756984
-0.12430250198260448 -0.3066458174003988
0.15605095283966855 0.4444957799938893
0.124001438525378 -0.12875099495850312
0.20752422096625614 0.3599381379063063
-0.7628402767660856 0.11205877713892183
-0.6733758705646495 0.2966766502392492
0.8247424452735015 -0.5770757361683129
-0.12488182275097169 -0.01678926257949759
0.5694736493211604 -0.3373182283554574
-0.7803129928480013 0.1423644056508664
0.15728952333598842 -0.04179484529737446
-0.3111473784468038 0.43755409016486396
0.6113980087232737 -0.7075916006442636
0.42598406104711195 -0.578611308452346
0.4293516367569142 -0.4159379665342753
-0.3268441713135801 0.433764827080631
-0.3153000015873316 -0.081700708421983
0.1566065133477154 0.1975406303167362
0.2060041324918037 0.08639127388879103
-0.3017785706331166 0.7122607608757558
-0.05171890041558072 0.10445793750082923
-0.5046848480523679 0.1807712148586244
0.5066704129178754 -0.3636343790377339
0.13344710862986006 0.008121479769929087
-0.17706647981172882 0.6986288754929664
-0.05487923812899226 0.13282769949187467
0.4449304580146084 -0.5267866486601636
-0.19732615101751122 0.42433032366869755
-0.750960346603722 -0.007702337510593035
-0.051231407161721636 0.3653306660571518
0.5194647205243973 -0.36209254041687416
0.5588994783132906 -0.7073173439773328
-0.4273349911664542 0.048871478129800416
0.8208070962644577 -0.5375935577183049
-0.20179507581783884 0.4437955491155617
-0.24020089701433286 -0.05235430004010122
0.6032163955529795 -0.33622296402563545
-0.6984615962411425 -0.13481515621986717
0.7961096392819695 -0.6894994248316243
0.1369605754351746 -0.08697454079614222
-0.465191477943522 0.13832027752606676
-0.47298485646287486 0.0694175266477517
0.11991224606565766 -0.08686122912140604
-0.012098057145808715 -0.2653834015582917
-0.042963175596058625 0.21591015169144934
-0.5856345406123893 0.5501675486190039
-0.5392981720223348 0.6033671674228543
0.1673467294346828 0.4174147905627933
-0.42767425719229135 -0.30524341099376007
-0.45523813730320567 0.19229941430016254
-0.34270600645563887 -0.06801064309760212
-0.15377493825142305 -0.049875315243207485
-0.25359037051942096 -0.3145894305837836
0.8106334736851625 -0.5443058846837586
-0.39997175210983554 -0.2885191443539365
-0.7232225002288634 0.08260030885192293
-0.29085847017322825 -0.062144614673781004
-0.3607449737920223 -0.29027423661188645
-0.12077511846553136 0.6475116567861955
-0.2967026798841934 0.4201749747057848
0.5513797619328272 -0.682050716984945
-0.745036803374057 -0.06743505292874773
0.8350474310172479 -0.5053236602369575
-0.056210856732060964 -0.010758484999453042
-0.6431597787949027 -0.20647249240191912
0.6069513643949226 -0.699347310410133
0.7226130501342986 -0.6801417813107187
-0.2518526430417747 0.43093052024711825
0.4388570438962347 -0.5569370581389724
-0.2111222672584781 0.45555078483871986
-0.3754604857696458 -0.04304643244732802
-0.07996672202059131 -0.04236199981785811
-0.49236771479277136 0.07445896682421903
0.5437222895921061 -0.7106803528299186
-0.04728605908973767 0.07573135749072663
0.09912220059787709 -0.20619250793120575
0.17377658874944454 0.32830601990979297
-0.7642214230098978 0.028936794475437372
-0.7114186816680209 0.15207013955948875
-0.45553300758751153 0.07777527836964149
0.1420809038993597 -0.01122555499502899
-0.4719665356658578 0.03171433315528683
-0.28665270268300785 -0.2899701558361011
-0.2616162382234642 0.43230771557316766
0.7421806020407693 -0.7037592642422915
-0.2158613994208639 -0.04613076706909775
-0.6204972984305 0.4448490500360408
-0.1898260413248832 -0.3256366961943388
-0.6965886032049473 -0.18458127548814388
-0.5869555576374166 -0.21665462628820592
-0.17365972897061813 0.4166744723146166
-0.039843854175783046 0.1995990988779464
-0.6902888370867559 -0.18547489499103126
-0.1821817485944942 0.45234842760650085
-0.6620195438496073 0.48096218144004305
-0.2897771623770427 0.6942114153976918
-0.7297735921290763 0.05151647461281281
0.11486798851886627 -0.08850012205858301
0.4461861636700242 -0.5702937553309259
-0.7158699696312112 0.23918769571266504
0.4490035473628774 -0.4939737726654598
-0.7242554505219828 0.13604516887565068
0.11192597284207693 0.5379499548610795
-0.23769747883476622 0.41661679008714697
-0.09388356172718298 -0.3230291990609658
0.5275619774379011 -0.6515037315453253
-0.16075824657604632 -0.0809157336898384
-0.25123631533266083 0.4510251508085985
-0.49053030435699 -0.25744745774540984
-0.22347420773795762 0.7014509180465129
-0.6608437180081457 0.45023757426603
-0.40479283303526625 0.3674434760652789
0.5313219699743637 -0.6717723420831893
0.08209346370050563 -0.14422385989318723
0.3967861125708803 -0.5277229031142839
-0.19744643792331942 0.40872860250459475
-0.7770386034262778 0.15246549085062108
-0.21642512380619242 -0.3304610816579933
-0.3184952865651285 -0.2957584081726884
0.23357723189563748 0.32756912017069484
0.7682701134264649 -0.4802001441632732
-0.1534855015301549 0.41867889803363756
-0.592069509133057 -0.23059201956945194
0.7713473616659398 -0.38974317158689453
-0.7678638890085068 0.21243098360896814
-0.48368582337703825 0.09811330814443314
0.5280274060854555 -0.3770061035937482
-0.4026971997218507 0.33637644593703225
-0.1571913351991185 0.41214442179970984
0.19792261810670464 0.08840959949633866
0.5650355344385299 -0.676952311365499
0.7264391596388073 -0.2856136706580414
0.44168167525483115 -0.45976224607002486
-0.5769651269405884 -0.23164338381377167
0.3949619558733542 -0.430289808747224
0.6353287480770374 -0.35236676800024574
0.7829605242445647 -0.4888462647693154
0.5534455832656929 -0.6789562637321651
-0.12237459531061991 -0.032917920743668484
-0.2318138093802519 0.39533114973378974
0.6792228194587129 -0.33439029162204764
-0.3923496678733395 0.7204194388734905
-0.4465722611652306 0.7063967381043856
-0.49973196936093245 0.2417712377850749
-0.4529786327949176 -0.31214582316558753
-0.26251005079035217 0.4700793775994749
-0.05254494553411954 -0.30758522136049465
0.49988685513318615 -0.6521498428625314
-0.5706009338371033 -0.2240606760993878
-0.6674169027060408 0.37289599735926554
0.7425242054702926 -0.2964109249197016
-0.49310402604647036 0.15190777800955288
0.04615683321219024 -0.2497606191655376
-0.30084027109771255 0.692380435832599
-0.30927974570601996 0.7272653990244674
-0.03000712787294636 0.3185188780341009
0.14793692392202293 -0.016130810317956542
0.4300251121939582 -0.5423039682174963
-0.3445166436965305 0.7073165079054733
-0.022401474832375735 0.32428708391859495
0.6099888032601963 -0.6775014806182903
-0.7729152847880808 0.02068812099553914
0.49006659464019453 -0.6068429506619105
0.6307285045811541 -0.7211570367500337
0.22920598562934685 0.286982118417798
-0.13618928979310585 0.3984900969022636
-0.7101339843321969 0.25271941569042905
-0.22881933078292613 0.4104851503088808
-0.5596729713139404 -0.22643333424005466
-0.021101940396888494 0.3158776763069623
-0.6876129236183676 -0.12564644636820674
0.831189750726343 -0.4674429644785895
-0.37925151667693313 -0.04680643796279791
0.8374753448557893 -0.5190946600036259
0.6194581250801426 -0.7162535211970642
0.7781079747543038 -0.4546114758015845
-0.4784643168154269 0.2935910318875829
-0.6873973179068658 -0.16452918537561478
-0.20160215271926252 0.4418401264116496
-0.13033688504684998 -0.06388064988404854
0.14827189903627944 -0.07789324184842088
-0.7225937550375057 -0.10401780117939911
0.5188566578304022 -0.6249744230427069
-0.7780791949024555 0.17495742519445315
-0.6506422369481082 0.5135734705071933
0.5537327710529764 -0.6784190755863861
0.443315024519247 -0.39372541281126494
-0.49676314658062426 0.618079318148462
-0.38540578238780415 0.39259102133779883
-0.34334202344036074 -0.018264269095297627
-0.4715985945488249 0.26533542283731665
-0.3801058451003275 -0.3222163659485117
0.6266869157427454 -0.6765503499123645
-0.6244500558471887 0.441468159263399
0.5746221655574122 -0.6589971330300168
0.6761109388424611 -0.31700497755080126
0.02936472310654608 0.6435102587914637
-0.49166088611358505 -0.2923346253796289
-0.38289113388245977 0.39543837634444107
0.6726826646514186 -0.2822131177597076
-0.6352237239183717 0.5305320215853495
-0.2371530008246764 0.457214779575132
0.7329179826154256 -0.317100784106024
0.8346786936270473 -0.591088903461758
-0.07028338727619712 0.06786213389654544
-0.009190377070268407 -0.2629431581267782
-0.2687354890274015 -0.2869651713170077
-0.6639762575746764 0.375393506889768
0.18504057227784454 0.3202436174835784
0.5899321647938582 -0.6823021132227406
-0.644832786238883 0.4587915497766778
0.8074529672141102 -0.43925924819443896
-0.7413256844953056 0.14058829306264387
-0.49307145765415716 0.6519199304361901
-0.10367033610720398 -0.34573374239010984
0.13757170860743032 -0.0887922189799237
0.6499410666802383 -0.7389301982406202
0.8200334362746602 -0.48063009074316215
0.7496775727770307 -0.7147676855274703
-0.11875686036128855 0.3552290084960302
0.7781384568750135 -0.34301726935451654
-0.00374179542814962 0.15873932338250332
-0.5401807576236326 -0.23880596792075437
0.808602546278712 -0.5604803389229305
0.09144293619222689 -0.19434497141811902
0.030029241023615517 -0.23764268978569703
-0.41787431665963465 0.029375326180827794
-0.7316774808186011 -0.1401590839046787
-0.356728625348713 0.4152920520593737
0.6091312461453178 -0.703451220858396
-0.23052671591263912 -0.32865228608914304
-0.09633782551665471 0.375659387018458
-0.2477986785338941 0.46663838164725796
0.7944116960342421 -0.3449454432884149
-0.13471173952719823 -0.037947687646231805
0.6426590475008771 -0.32208153994931443
-0.11156055941827181 -0.33623194931883577
0.43482000274625343 -0.4078274995562608
0.8143785092221091 -0.3478967274832498
-0.3454355117512652 -0.022123991195040656
-0.6020343596401603 -0.25417838088273226
0.5357220340005561 -0.3629428679053511
-0.13486522236967383 -0.08585709059666158
-0.5067177562346594 0.6257833010746818
-0.7384649035050243 0.02243300594957797
0.7427145255620561 -0.7391892809360001
-0.32997050649400594 -0.2773483655679797
-0.03485456768099577 0.1277502422610121
0.5896917514537959 -0.37473649946283594
0.5053644338261787 -0.6397226868748765
-0.21072879172717043 0.7306651965550987
0.10952596336641686 0.5407957091424153
0.6201681959453063 -0.693515198682604
-0.09125119991477657 -0.2898533845186648
0.23498570546430908 0.31298465084748567
-0.7468206669046425 -0.1035145679221309
0.8138515397654816 -0.5111058678759591
0.638704538199702 -0.6819135035143756
-0.5762755680049766 0.600347194176459
-0.5104467932391807 -0.27728652520201974
0.08321623752431132 -0.18839773898361348
0.17598144318414938 0.2828183063356047
-0.5332193272131157 0.6559922238192912
0.04586376220218881 -0.19224631188661534
0.7994295169169107 -0.4700902647782031
-0.20164112540383447 0.4223277865560348
-0.025943130280113753 0.3317730681238166
-0.6564307400699467 -0.22263879591254807
-0.2354436023302216 0.6880778037957488
-0.04176290705578955 0.06876631984568084
-0.4685938381625465 0.19876435542409582
-0.2147208284297823 0.4277742658615054
-0.22657064933660231 0.7025416195139498
0.03624811761710892 -0.2719573713713599
-0.3231990425923067 -0.08946888426868706
-0.34353727906784787 -0.041712920211807995
0.7391356113380823 -0.33929550931514996
0.12238142931578598 -0.1776996935238814
-0.149305679827804 0.3791918520909878
0.823562874503007 -0.41336535428658955
-0.5999534297125652 -0.20987359088799507
-0.17834623230564253 0.4457552098901965
-0.33613032098230394 -0.07487602804872723
-0.7520526586690579 0.27208417334270346
-0.6917983653037838 -0.19865544946342653
-0.05186392764773397 0.11539541544621747
-0.7380793164968835 -0.11604054417065508
0.15753698320437612 0.4915313545645166
-0.3780029680833535 0.4114046359472409
0.5958511637050852 -0.6821749383791926
-0.4940672303343801 0.15606809388439397
0.0016109349359195828 0.28972005335653034
0.20051798152128053 0.17443979522550487
0.7943396110299219 -0.484604607629646
-0.5760490422690265 -0.27264153257959056
-0.34747015207254245 0.4059409679980151
-0.767509260005914 -0.06635857332549715
-0.33277491639238393 0.7153782799165598
-0.14258518283536964 -0.0407237029668003
-0.679055731766216 -0.16044820953369726
-0.6702809897657055 0.4490576873415753
-0.03943899801788537 -0.30470048335159505
0.10092117345570273 0.55367928853424
-0.5082027126928002 -0.28126829082778726
-0.4969927536790823 0.16449637417071528
-0.7458924941120515 0.13566110142010018
0.05910485948188674 -0.19851626564654642
0.1270895038735849 0.5010367467655263
0.6412947184326981 -0.31559987151075614
0.20630492596316533 0.13147709609146016
0.621107460399319 -0.6540557143565104
-0.7387168434728119 -0.10277395063691434
0.4020289129115709 -0.37543031156388146
-0.24742286732915764 0.726326259810094
-0.26229960667007685 0.4388110998810358
-0.7802855247811088 0.1514829306653393
0.6460281820579089 -0.6942979321568958
-0.3866179715940502 0.3936532926440858
0.4353083382099023 -0.41959191126614975
-0.4072077979013293 0.014891405373619477
0.8132215839773369 -0.647448307351032
0.1597935691945649 0.143162550538979
-0.05505797419420749 0.12289210325142601
-0.2509143286697019 0.4115159735346191
0.17004187315977692 0.38744699062601295
0.17701695081741736 0.4153433464129508
0.19572914365470997 0.11291903667738305
-0.4546852327126531 0.23766934819874497
0.634885619448461 -0.7350972452886485
-0.06989423800675032 -0.30888867732984826
-0.47100494610996047 0.18899233866661727
0.21074622280931293 0.46827317119298034
-0.17172420511557712 0.3774930682251543
-0.5820662663748676 -0.2270877062278161
0.47635813995300264 -0.33676445454169807
-0.7590904029801171 0.16962039679911367
-0.4174998159181046 -0.021342586971084265
0.8011742775175518 -0.368252981703947
-0.22593248728679233 0.6972132588097437
-0.7257948963162004 0.0220016411372859
-0.02177967711025758 0.6357036918084564
-0.12234181972302129 0.3814372512256227
-0.7141760791939588 0.2267244797168459
-0.768448991761544 0.08522816209054042
-0.6804829573679793 0.48594642621002654
-0.369319689322712 0.6803988161919698
-0.20907901117383015 0.41787503250469077
0.5070438164208665 -0.3382622843273058
-0.11260664598862016 0.7206761488050332
-0.21405656366903789 -0.29778397303371207
-0.1762763297272886 0.7128685959075958
-0.6833200105094708 0.3857065801789131
-0.04177320761559429 0.07216385813199887
0.7141943875439101 -0.3205761947918529
-0.05240293076161568 0.3155053612467436
-0.35415318849312855 -0.2875887100143552
-0.23194865463108016 0.7148288749855123
0.8158916912727223 -0.40323420400362314
-0.688588116402349 0.39667682655627723
-0.4954678351276501 0.2299873188762701
-0.7741462288877267 0.05970624599538875
-0.46188903136144543 0.6474754420141349
-0.7436509576173478 0.09586132848855963
-0.17797144501782544 0.42571889262496504
0.13595715671009942 -0.04522567234775427
-0.2209884153327429 0.7088222788390046
-0.13509422567652185 -0.0842421902717327
0.6936488572503909 -0.30893555176072196
-0.45229744264870725 0.10587764189827965
0.45155522504487994 -0.47205562804641754
-0.057231575303361336 0.6270780428456981
-0.7293698483938332 0.0937758914139611
0.18002760506554297 0.1339046136146002
0.012450916381115841 0.5858498010396802
-0.6624363620294554 -0.18418291653176386
0.02431084112166938 0.6050401173884887
0.5058456487901515 -0.33311242593855545
-0.46549843464792284 0.24308202385926023
-0.08690410926658085 0.7193711565565754
0.5168251220849711 -0.33210842307229976
-0.15364966845659278 0.3741169070285115
-0.41602244455002296 -0.26176063451261883
0.2268590836539884 0.35067169308828566
0.7563010384152596 -0.3431183467610538
-0.5481580912036365 -0.2634642931879104
-0.3706564944104447 0.673650739651054
-0.4209604777313608 0.307720343263595
0.22487390920071296 0.35147755990350305
-0.21660711314708275 -0.31972756192934243
-0.016385183521942015 0.09103844957667055
0.7529073746158963 -0.31045735850516903
-0.2072642707821611 0.7335671820658319
0.39530868679705844 -0.4718230744652266
-0.3701788945329747 0.40394418240334173
-0.6505766870181462 0.4919608040326914
-0.5123999668161284 0.6027665307333897
-0.12477305363223347 -0.3323505428807399
0.17083754290183265 0.04305628865447753
-0.010266524919480276 0.24105223743953388
0.04637054513003837 -0.1947031760834627
0.2168371970704455 0.4285606172532166
-0.2087877459132912 0.4353551115740681
-0.10534451547908077 0.36870991200341774
-0.10887252932910049 0.4163518477055254
-0.07707607902291747 -0.2740160709135169
-0.6737648533670076 0.3015217432603875
0.023604706606680376 0.6200201226025581
0.7914541361653126 -0.5878867571426173
0.4937407486992862 -0.6045287861644926
-9.726248142205425E-4 -0.28166573439500703
-0.3233271235902453 -0.07711060655019708
0.12961885567951376 0.5292249817784884
0.18094486509752944 0.43369170236494314
-0.6434521372153642 0.4971374763379785
-0.013915723478143793 0.12981838013124103
0.08753579429596717 0.5599419587514476
-0.43620793152866666 0.31776376202925294
-0.4865528817581507 -0.307415889270967
0.817017675488382 -0.4500632099750734
-0.7319125941931693 0.2136546193788582
-0.3346523887160227 0.689199241856749
0.8219824645252769 -0.38562579590398893
-0.10720475221795671 0.7263794672961394
0.8016332514342264 -0.6699381799448417
-0.21789403229925502 0.38972158582906086
0.49340932034669793 -0.5946687973486602
0.15570269916513818 0.21646663622892826
0.5813554979655009 -0.7240822012562657
0.45730069798886047 -0.6370233289557109
-0.03861965792700876 0.3718487769960396
-0.06444878268776202 0.0266173992261101
-0.3881664088111743 -0.04398391345653901
-0.28034306446065266 -0.031670186173105325
-0.01908188383735137 0.11752091050263345
0.17685484988140066 0.19714176304336045
-0.48943386235306935 0.28322685497329786
-0.5512729706549439 0.5972002081008392
-0.06252243655265621 0.6109631536059104
-0.024490060664999 0.6540226084489106
-0.6479331570969599 0.43197450207971866
0.785254585855821 -0.34127483309591716
-0.14385184600937653 0.42777825916883727
-0.14620702853999926 0.40218180409970616
-0.3146797495029082 0.7078625786206437
-0.2597665062680965 0.4599710847643511
-0.7588368799479116 -0.09901862747308314
-0.19499385862955762 0.7041908689526716
-0.5722081444626949 -0.21010984691546183
0.4061331885402541 -0.5069175648486212
-0.709416541545985 0.33064529066433285
-0.6938036319408241 -0.16673068020468104
-0.6638206398837005 0.4975240182264409
-0.09518385482425686 0.3776846852347082
-0.2530250158563213 -0.03127841337580643
0.7690531350342709 -0.35695326517330045
0.5256673567126091 -0.6538718658456404
0.6256448854359712 -0.6884686059324833
-0.3845694360026359 0.6956053876844661
-0.3479797761461825 -0.297719356956599
-0.11106008033445126 -0.03576135143229768
-0.6425028162179981 0.48581033857536643
0.7687402006300901 -0.7089597367219983
0.5575027852658906 -0.6994781163129251
0.6869477760997236 -0.27509015520378094
-0.7634538354731778 -0.026302100095749098
-0.21745453781249277 0.40340494460675963
-0.3831858153374289 0.3839351690782261
-0.09791445873149901 -0.009156641626625705
-0.23228334877479606 -0.08499117124417371
0.10426527463581597 -0.1617143836243948
0.6088534286889649 -0.6675512034325919
0.5710101090566783 -0.667416739361373
0.7917005184645867 -0.4005370713872204
-0.0682193438336185 -0.3138171714202451
0.09310034311948319 -0.18320980848789398
0.6921567007798947 -0.2959533515737784
0.6679684450999355 -0.700485273047127
-0.08201690335096279 0.6435640220499569
-0.6533046739052366 0.48343018881878064
-0.2379152992529658 0.45672965336036353
-0.3793131404254374 0.35086663308299176
-0.3246748009268139 -0.022081967639782835
-0.18753310692090083 0.44034169509030735
0.5384441753205126 -0.6469175454360064
0.14217019757290983 0.03471060975032363
-0.6862039955094804 -0.18733681716258863
-0.05688343436653611 0.3134445983672607
-0.5577371052018529 -0.2625495197627583
0.7141366099734209 -0.7429155068813835
0.7896106580736546 -0.438294051873418
0.7397003391686322 -0.6940084806845829
-0.5882541974262914 0.5896327073068993
-0.40607668983584166 0.7041535907577391
-0.4596454561574774 0.22614244253607174
-0.19994100376003596 0.7142818985778621
0.8171877893709207 -0.5018218092193725
-0.6890442690639744 0.27106933576587416
0.13535591210658027 -0.03295967685453699
0.7149458828611815 -0.2803586841950009
-0.7314072160224598 0.2613623396982181
0.7781527054953585 -0.5970187513406514
0.5310115270739768 -0.33489933527444504
0.5629471113563149 -0.3514308614036014
0.4108343407806753 -0.47331194413824806
0.1335879211269012 -0.030213723899855344
0.2096570339801129 0.15694467723711852
-0.216781134480136 0.4136737120639244
0.7990184933805684 -0.4619228061178332
-0.40705080063430427 -0.27870929689042423
0.0506909724651382 -0.21120121289018073
0.6342461286472914 -0.6925195369797632
0.23578507989237116 0.3136547513977371
-0.04019142231056283 0.2466343565849572
-0.2793048286148549 0.4714635787335598
-0.7060764450366173 0.3727477617644801
0.5126093322242515 -0.39048478191643937
0.1784374494147761 0.29775123942188403
-0.23475517538454171 0.4089807507901571
0.6846055265551252 -0.293441796218781
0.44874101227962077 -0.5839025606455797
-0.7571275562060256 0.06798194057157825
-0.46769798076437286 0.3173575236091162
-0.30363118279419155 0.7145024439402532
-0.16575610017205833 0.7137813851418802
0.4294923574076006 -0.4429557421941117
0.20220373212334114 0.4557366145891058
-0.440755729027718 0.055738880693889804
-0.04899270376628768 0.22972379994286513
-0.2448288279879041 -0.037590352509099985
0.5389557825052619 -0.6861548040091068
-0.19272969929498876 0.3929286081289488
-0.12573992999335018 -0.007896579763435057
0.05246019834317432 -0.19860905637089446
-0.1781718937759541 0.40975155402908475
0.6839006660021443 -0.29698879098393943
0.11702660244870743 -0.10914995807585816
-0.4561095898237959 0.16125453260106715
-0.29821943128519884 0.7075701637237108
-0.1004379844435717 -0.07449686567269281
-0.36221046032856635 0.70225205609588
-0.5939592799656445 0.5197614170736042
-0.2059676062963275 0.44911785613399263
0.131336395916519 -0.12220015896255765
-0.37596691471430443 0.6852407005843403
-0.41951069175809524 0.3357159739531998
0.7761221087426838 -0.38336423614819654
-0.09815976696613707 -0.2881542827890835
-0.058667221553743806 0.30963628682675165
-0.3668468762784342 0.418359114348997
-0.12324451823905083 -0.05777968244921188
-0.48728230821686985 0.6101686240947339
0.16589987192579428 0.0012119273918801809
0.5958253786950324 -0.7108830181437137
0.5779393924083996 -0.7097813738800354
-0.15223735595829793 0.7283253504900322
-0.35535270929786816 0.7217506456658661
0.003942192713120676 -0.3106925301863703
-0.23531653379798825 -0.29512786320563256
-0.255136812611516 0.6986037632318072
0.644252994844632 -0.672324627987543
0.7227476045504864 -0.3037519671485254
-0.20374818553298998 -0.32972880606508664
-0.6252743472935803 0.5397102725656336
-0.7173112237283218 -0.15834836994835882
-0.1132525447237621 0.7144660038702564
-0.7194356043812328 -0.1934549709715397
-0.4689852632736386 0.27913731521829716
-0.5000753265788064 0.6244664188082155
-0.7053525904507513 0.321720512076247
-0.3211186009138885 0.7018237241688223
-0.11552390262999476 -0.06437820886584916
0.48901143209469294 -0.597192986828961
-0.05614165823646658 0.1213028795308793
-0.4686454591285017 0.18053735413178523
-0.21054591842674275 0.6919047727314773
-0.7455144587492186 0.27563383925676843
0.6584570448102479 -0.6740765045575209
0.19206302631324945 0.2817294531153622
-0.2183530516629806 0.43955238526614454
0.19870033177589772 0.14432844159304617
0.17887820978142885 0.06775103400716166
0.1914358060032373 0.08292395616315636
-0.3357116814815011 0.6978971361091122
-0.21507127750855215 0.4230346219199434
0.600584992138984 -0.7094890191591658
0.034495574356032725 -0.25096993179712307
-0.03712674771382069 -0.2984581367404994
-0.25775789803968546 -0.35106889467019964
-0.10414648865289564 -0.06369173185661756
-0.4715228273226965 0.21179817511838905
-0.5506062818464948 -0.2546654227708687
0.05457868466345625 0.6009110667298501
0.794277955634268 -0.38798670368144444
0.4564069026730736 -0.5365481401933707
-0.687522097996212 -0.15772803762521487
-0.6115931590485915 0.5559641879385484
-0.7230089829330338 -0.13569158554720712
-0.4091535564524895 0.6949830957052886
-0.07015916563630659 0.6817554337077343
-0.4900355496845747 -0.2645394613904392
-0.08643428806140435 0.05883311833904808
0.5642055842342466 -0.6614570061877826
0.7073834799915797 -0.31366016507671207
0.1308808452218409 0.5118558815152988
0.22911934297105668 0.24395730934508142
-0.7645214785900069 -0.05561089245123829
-0.2615428535606849 0.4579142753328185
-0.2132699323420772 0.4234083447361033
0.1922783763690499 0.4402198385011164
0.7846256308772657 -0.7140376884420482
-0.23609358121056184 0.4258041505795404
-0.34661026346287815 0.43031669356486435
-0.5809489770940491 -0.22427268028042874
-0.44489350797030996 0.2885282141253913
-0.061483188703401005 -0.003750518136322019
-0.6756780471228114 0.37692741362915333
0.6299590154837524 -0.7208506349181274
0.1822704827580238 0.3440967441100373
-0.01757691675595671 0.10843090469717481
0.5947182364131334 -0.6720218564334314
-0.19533193886102698 -0.05462913166741221
0.16042840372628214 0.5113621603691676
-0.426452881749907 0.30334739701638475
0.492525989825297 -0.6110847233673853
0.11982786227327419 0.5177031191395172
-0.5255375056025275 0.6375177559423414
0.46923066386565077 -0.35493397188090436
-0.414967169096803 -0.265522739728331
0.18522053594585675 0.40814665893978536
-0.22388397994338333 -0.3076718737641022
-0.05142543558850112 0.2824968117276235
-0.2304059967236223 0.43930535088817674
0.4406210411868682 -0.5497933814520485
0.6139708296571772 -0.7328794328290856
-0.011740850306212565 -0.28277147735835834
0.5415802614540653 -0.6506693731662526
0.5009944998162696 -0.3394809290461522
-0.3637615667853416 0.7190524207937553
-0.12619988018926506 0.38242754146232194
0.49836581136749125 -0.6235769870561881
0.5307933741381757 -0.3706119002887573
-0.7531426272937948 -0.10587675746112343
-0.6880427068407788 -0.11398210527880621
0.45183473112826184 -0.4653916087347094
-0.18082789329195614 -0.060408905238042696
0.8313401552699088 -0.6024041012044794
-0.15830671762094178 -0.3516731856016495
0.20679316342559959 0.31073016601587106
-0.7364251124394688 -0.17584910577416546
-0.06398645106661756 -0.032230606181688964
0.3906754806713239 -0.3565703700389954
0.5721667723629584 -0.7142479972672402
0.7893735418409317 -0.5161353986606273
-0.050586763931754604 0.10507488005094104
-0.1481721703063397 -0.3021060677806698
0.7259384280153127 -0.7150312690601962
-0.3052961023289446 -0.3291133335256226
-0.08237235352370079 0.019911568426911306
-0.12346490545797868 -0.04616087769860428
-0.4765599956400925 0.13954607280526773
-0.19096299661039629 -0.07107835085326655
-0.7369969825344618 0.09950129802510882
-0.4788844811076311 0.051860241264522905
0.7185209747699022 -0.31528650543018233
0.2013262796092071 0.37358991347042386
-0.5821777776670777 0.5296524375386183
-0.24555938520110107 0.4700811442152474
-0.08505796373520165 -0.2884118713736662
-0.4078736789958879 -0.025046054156640404
-0.21531290691707947 -0.3483141584099902
0.7670939913824816 -0.4115984600500201
-0.3089158280386204 -0.056655300531093834
-0.43944949946485784 -0.3086325038724048
0.760034516563818 -0.3087791738130365
0.07955738132210664 -0.14478139334462412
-0.1986108961107245 0.41559999592093305
-0.2453442076392498 -0.04026578500882598
-0.23349960477093107 0.45071449742626213
-0.5014082199458927 0.17420330000042764
-0.25381077346177894 0.4487841534071142
-0.1771853412788128 -0.30806307183819515
0.5070461127998775 -0.6650736252555767
-0.20275540925961574 -0.08557230246075222
0.18774402400355997 0.006924560429205258
-0.04947817285811671 0.10728985453986013
0.13887932591615956 -0.018824415128227467
-0.015239964719237378 0.30493914434812325
-0.028957868642726415 0.6226719295410599
-0.5147782042466346 0.15637385498987394
-0.015098574207185038 0.6577032140670074
0.76809979625864 -0.45524020022016143
0.8165870355748136 -0.5107816553684446
0.13446431347772014 -0.16412733243309505
-0.4419688224892106 0.1036476912110362
0.19012717939259896 0.454589661170904
0.5589599796176825 -0.3540059238661371
0.21666636620438623 0.21036914083176658
0.12928795516266461 -0.023580229436454752
-0.05922886884584955 0.09720729503277388
0.03611245971697675 -0.21331637498863604
0.41898060723018754 -0.5011815922517804
-0.4193648982761481 0.2899589370054872
0.6766661133555908 -0.3136380423140573
0.7934162033301629 -0.6948282555078219
-0.4900918407861727 0.22392263274741755
0.43495120004137333 -0.4362015787174219
-0.7248064565146776 -0.11783301796186568
-0.3698425662346051 0.70085051330899
0.07868176009121991 0.52522320915954
-0.07521913795015697 0.4013946307274276
0.20719685647907282 0.1146370525429404
-0.40892899075950095 0.39928884001766307
-0.4975834481334223 0.16806736655975907
0.06871715340179378 0.5567887675385312
-0.01776141633421408 0.29606154359663567
0.045002273701855035 -0.2757472327535796
-0.49441946384239677 0.6373639975759651
-0.027281684608825005 0.07469709897642626
-0.3688857725129095 0.4073721805768718
0.7968599187652096 -0.3275314133285205
0.1578080241794953 -0.03944870418744623
0.44669530405043245 -0.5160950618246981
-0.6875659670555371 0.3635461298556579
0.6310154113485733 -0.323325604489058
0.6454674901839476 -0.7182100267652444
0.180990488385148 0.2507014038029275
0.1734301387811852 0.21838509733979475
-0.10578667430046229 -0.32125722706111637
0.7563665274542041 -0.6709297195975663
-0.44043160705716294 0.6813706726108408
0.19974292984224917 0.26306048350084493
-0.0027841817713452127 0.3129774717591695
0.1921980158412373 0.4310122170285615
-0.15981009893104225 -0.3295492750260297
-0.268546574801513 0.6922807989491596
0.06348000060744975 0.5934240899574272
-0.236863731800019 0.4406461040587515
-0.22679150686533442 0.4579159375315977
-0.08694173877237991 0.3734870262401796
-0.033174195602960976 -0.2851450657033407
0.6033799372366067 -0.7206147859862282
-0.23008901994476066 0.433635144037729
-0.6265698781365275 -0.23188559213813828
0.13829411089624633 0.48499197719098525
0.7954098501026775 -0.4709234138263732
0.11185901670580753 -0.19526452035738107
0.43473622381299926 -0.5069913508816886
0.09188715927374479 -0.25781457942473934
-0.7557154137055402 0.04677400343041711
0.1978048810168938 0.407530915029728
0.42346710001962984 -0.4221160280453106
0.7296253506620152 -0.295164272902962
0.6047680053938209 -0.3442817766742443
-0.04887777954586871 0.24378642204042214
-0.11450902895722948 -0.3187400421087405
-0.651653163254747 0.5030005803268057
-0.6198624114634388 0.5202674023739419
0.4116429113849008 -0.46871602195105067
-0.30960466589530833 0.4092802633372701
0.17058508214516072 0.20219860296652248
-0.007839499576057658 0.18219509217033003
0.18465846397161065 0.2809352951902112
-0.34835955386635836 -0.31413426760945395
0.12635178892689414 -0.038924739760561426
-0.4097210458897525 0.02753103466701911
-0.07003849156790977 0.07371478713564121
-0.7817709800627289 0.065453993428362
-0.251605229092762 -0.051666624367287944
0.18118447808671684 0.36362777194115087
0.4651701326833241 -0.3662017267357127
-0.46264047178675566 0.12112699542180584
-0.07617412138649797 -0.32651566217477995
-0.5289846054385053 0.615393917092851
-0.3864716518594363 -0.04051177790990986
0.6658768147950358 -0.7021058060886781
-0.4367437450772158 0.23387970833909416
-0.4486168621533925 -0.2890239534505082
-0.25309018670788447 0.447451684914108
0.7679300967880276 -0.4400515215608651
-0.045264917630070914 0.6004699282351162
-0.19601223277688498 0.4005957041309526
0.4265358132577213 -0.5015076930670328
0.17042811721135875 -0.08815515671067602
0.16053012522702811 0.44680713227297936
0.7600543468664023 -0.32557755840036257
-0.006381026000086649 0.1845232234818824
-0.7200224256770434 -0.12989881444523765
-0.59655272009213 0.5099627282589636
-0.4631234168873136 -0.2503783565890641
0.4130947784457508 -0.536730489889732
-0.43832938792960696 -0.3063131685730989
-0.510704860173075 -0.28173263603608006
0.06772543767900459 -0.16027628304221897
-0.3041966068156474 0.719507605801868
-0.20864978067255596 -0.34741948474426904
0.5532595088639567 -0.6742320887216643
-0.2967315212796272 0.40121901813595157
0.7579349126173274 -0.6739889687920091
0.0988286987734341 0.533045661720665
-0.36630510661789817 0.6636997135108409
-0.4142162543332723 0.3094573667172678
-0.28874841656206485 0.4438170842323354
-0.32670258820543496 -0.060179667607595584
4.989543001903485E-4 0.21509266329265908
0.42183990352988077 -0.3648111773232354
-0.666448871507193 -0.1333755133593769
-0.7594876391068531 -0.037614669969841356
0.11347801607459095 0.5265333432809541
0.17808585365931057 0.5077568905183849
-0.27063085136616344 -0.04858941260624912
-0.732396831878105 0.16152341752463648
-0.4710627400651151 0.15109241710801694
0.021680957925386036 -0.24228692895857817
-0.16396426981031642 -0.05994790494913729
-0.024467269537250144 0.3268487854754586
-0.3198618495006773 0.6851634380193592
-0.28496492543783425 -0.31953707865505826
0.15990196027346484 -0.10515478880380064
0.4246644899999732 -0.4474646357186934
-0.7407422824350804 -0.1638870879381102
-0.022751062644612907 0.1601448331526898
-0.6014974787264108 0.5676830908332905
-0.061092716149748295 0.6471053759729816
0.6150599447281737 -0.3727882659625995
-0.44138320841171735 -0.2740493819292315
-0.19671223907651428 0.7115938271876087
-0.5448292131197379 -0.2194776357633024
-0.5116850390727978 0.19463845331532895
0.029774519889849103 0.5981881015643749
0.7843424653081521 -0.6789625369575164
0.7807108781580591 -0.4987009388437673
-0.07725602345049822 -0.32825154101871895
0.19354788794463862 0.19189375263593264
-0.11012423495122826 0.6538058924447444
-0.11195938016988465 -0.3154533957915525
0.1829267010886296 0.21162347772089238
0.5852768400731824 -0.668272141232488
-0.7241162112400669 0.04256476548297201
-0.4445710663025369 0.002191108521356758
0.5321835529423576 -0.3298472079546769
-0.4569701397854332 0.1198925513945998
-0.7647461543225177 0.1280218683798203
-0.4227279811957402 0.022299710016794164
0.4896037937955875 -0.6014488281225152
0.1660103658444956 0.48890414468322935
0.7873628142680446 -0.6682649161826938
-0.5271977095927977 0.6089243862940384
-5.337404458343069E-4 0.6562889095424187
-0.755738144269079 0.07655907421259656
0.4289228906157765 -0.4953150031321678
-0.11297070871609113 0.6504213093476349
-0.22837514405001363 0.42622955638837967
0.17216649455150862 -0.07530949507591458
-0.27888826395622496 0.45126590101929026
-0.285513305959002 -0.01716369631893694
-0.22199345100137702 0.4366747132784258
-0.5711301126024231 0.5663205187261717
0.6502245708973968 -0.6960391286335096
0.5576225787833621 -0.6976701950116205
0.5681950435519877 -0.686664546929419
-0.24601388432063298 0.4175705891216593
-0.2341303889946305 0.42166196439333264
0.7041831439128288 -0.31325248451998033
0.39281559644086295 -0.46534635754008397
0.1767418149853082 0.20786754034796331
-0.36790454806999245 0.3810418524813397
-0.4649636068629696 0.05465910718319454
-0.47290478924005724 0.10305008594207399
0.5577727413655128 -0.6620933564654481
0.09278948530650742 0.5589118731352328
0.012228688432016573 -0.29617987821182773
-0.1747853299399143 0.7159133337453989
-0.6882423317313155 0.2928413579388346
0.44322035122642944 -0.4658865493072913
0.779996732830889 -0.6466049353348189
-0.49443893908241915 0.6701300715322133
-0.6173709152841519 0.5382603165165583
0.19471454338281186 0.06351850107957564
-0.13102940679105926 -0.3079208927890795
0.13439828012278288 -0.02063845840634618
-0.7287617671267498 0.2420200278383724
-0.7275088039148234 0.07815972122673032
-0.22410030465734962 0.7041386978037468
-0.2092014714295176 0.45075753692416376
0.4480733740249296 -0.4340738147576942
0.4842962404014808 -0.3576263433330039
0.497913448591944 -0.3293092074691674
0.5455866910670312 -0.3326302721657811
-0.44906518600986656 -0.2757356667298105
-0.42698902686656404 0.30445144704269383
-0.18507552114513828 0.4375899600136726
0.8115416337290443 -0.34915354410190597
0.5260249719338455 -0.6953948976521669
0.20319395650717695 0.11832072121001942
-0.4337045187932509 0.31075869251965343
-0.6888259789087431 0.42606141865184327
-0.11261690762982766 0.4201503538793611
-0.46045100322849086 0.6622275215315684
0.56832040117207 -0.7086541999856718
-0.20127426258820624 0.428482294288879
0.11064886880777693 0.512144429106079
0.11792912927891488 -0.147750963909848
-0.1925830119296175 0.730063869796324
-0.328721787399539 0.4129890647861178
-0.2172226664943225 0.4455491341059267
-0.3233128802757039 -0.05092006368828341
0.10019080486769705 -0.13089374444411628
-0.47331754984292757 0.3295053559744945
0.6095486536395675 -0.6853944123752062
-0.24869992011143693 0.44256377251434914
0.08904378825809847 0.5445102196399598
0.046765767153502794 0.5928764986677408
-0.16581214701230504 0.6804138877248475
0.16822975506694302 0.37321947274822814
-0.09923653592586353 0.3817156760903118
-0.7504042420888278 0.098581617574557
0.5364642058785521 -0.3364140008164509
-0.3650695270155781 -0.009791623627356406
0.8122086400009171 -0.6176315979056402
0.16449084023943178 0.1521040601094933
0.21227798553584099 0.3213684493631391
-0.7682160048734465 0.10746583045146774
-0.44152960974608213 -0.2655338432845362
-0.7120410253471571 0.23477142787732447
0.22563035878612292 0.23705584368088467
-0.44814234291706545 0.3140833352361071
0.1580668430816117 0.08407886571039284
-0.12884506372915458 -0.30071984458960327
0.04467683624186407 -0.26664256732369174
-0.4042506024335778 -0.30519402953443586
0.16015997526797188 0.4484235829109087
0.10977208864578056 0.5272731869507736
-0.10871389441314042 0.37397003319102085
0.16473378823908774 0.008371673005340767
-0.1895377007039003 -0.3496256337055805
0.1888601299720682 0.4392429886544996
-0.21083597672230675 0.46895180748493187
0.18929035247504222 -0.011302282615971725
0.7954310243212827 -0.6231299415943672
-0.34878091961342345 -0.06298092903211075
0.8024906273289079 -0.3570841529811895
-0.7614539948631095 0.059948282881028374
0.1918602702195837 0.22481573996433382
-0.03457127530626565 0.2611695539586974
-0.4081773079007574 0.3972370117893603
-0.5208027161757093 -0.22870426210626704
0.5910783041335526 -0.3453768708926615
0.5515648163926399 -0.35686677131662614
0.1334023510834832 0.5250566108215458
-0.6932381077994724 -0.1426165122245279
0.5503030846794763 -0.34983199696842654
0.10589560468137582 -0.10519770339877671
-0.4180162916441639 0.6908773194073746
0.4875429428831891 -0.6338897023436655
0.8383057992564431 -0.508674473740391
0.18367775015319504 0.3299295180754381
0.5291773347818706 -0.38836812834336
0.47313981680304135 -0.6369487432278921
0.5517117053180594 -0.718622804760051
0.39824618139878565 -0.544529448843273
-0.22754939040940314 -0.06671642531756845
0.05737336091346644 -0.20839078889778875
-0.15796933646944003 0.4164658929173258
0.1815846896303098 0.21679256278813522
9.765201564262801E-4 0.6329411147135332
-0.47855626018791003 0.1931858283974638
-0.554810577955224 0.5512417418057987
0.17313953668472568 0.42191712930349723
-0.48650509698062394 0.6711446791904637
0.5103397222102611 -0.6443932652227994
-0.6550659567875348 -0.18944246813815596
-0.7635361239558982 0.05661916758228263
-0.3730951986472465 -0.06092852591445724
-0.7580312850366023 0.14406382455500022
-0.4510160943429593 0.20820537026997765
-0.32597699140528497 -0.28905947888618316
-0.3375553776898053 -0.019083381009647078
0.19017740787213067 0.3302831725154626
-0.6977515820190258 -0.19976438231201749
0.17581596219206175 0.515163894782175
0.13570480636462984 0.48262982511733504
-0.16288330333363188 -0.030844405538929892
-0.41856945830832376 -0.004301284721919008
-0.48262220957937796 0.24286309590405533
0.21735573810135236 0.24119607656212452
0.4459384569592521 -0.3523210931807419
0.19327100097879074 0.41169994545699995
-0.26944753013990835 -0.06636749588413787
-0.1233050118591594 -0.30626029478002087
-0.4550711128696586 0.038756224143871996
-0.20546669986240051 0.4457899930503795
-0.04049819288210832 0.3585024028231255
-0.7600773478777672 0.08290573391345143
-0.73444964138629 -0.027826689242852847
0.07892613719893404 0.5469303178637043
0.7547413081180279 -0.7364662987422901
-0.017225075000979664 0.30756344323867796
-0.11385245951678372 -0.006393388944869685
0.7611727212813688 -0.6800948212880559
-0.34709722355659534 0.4249893010200528
-0.47054929055453454 0.19255169350568083
0.20027410088505518 0.11979226221197564
-0.43196706265570073 0.007101607052371908
0.6394156190888338 -0.6838670622958481
0.7733207729466263 -0.38872339254513066
0.0037134781160743082 0.1673483582842539
0.14026393253229646 0.512711431876792
-0.03795895210321703 0.09444336432684451
-0.27028635820758706 0.6838133877712544
-0.08936561860895817 0.36752136109190275
-0.4150655886408576 0.39762564915733234
0.5351854947379144 -0.36114798570070133
4.6042776681910405E-4 0.2774218572207673
-0.06972776856459291 0.6493229162369113
-0.21914571505726826 0.4185908539319232
-0.1451715394018212 0.7195159505069019
-0.7561478205450473 -0.03727353999855059
0.21439490804025033 0.3024685857402933
-0.05218900699013356 0.342580307756969
-0.08160779714860988 -0.33570844406934386
-0.4511153485556223 -0.002764076185944949
0.7225950568191855 -0.7007746333909417
-0.5105164891408268 0.20346499355209838
0.8029561410649353 -0.5101886334058819
0.19580343973439576 0.46838563268464023
0.7938183640966997 -0.6259465113389806
0.17033474305905164 0.4362861862260974
-0.427788875034133 -0.2924465256626106
0.6160171082636452 -0.31912316717040595
0.6551544180426693 -0.6882100394302892
-0.6448706499148784 0.5047305207014939
-0.2325425164897296 0.3998632093913132
-0.4899160262245693 0.6244280416036635
0.4961172946761405 -0.3275999983749612
0.6326537736789064 -0.7235419649444889
-0.5425569848870803 -0.28912620743407746
-0.3739671586341557 0.40814508823209716
-0.4982398284672038 0.2096844582457055
0.12939485399269415 -0.1346001924378055
-0.02408741863583657 0.06600963654908108
0.43841609608722026 -0.5301092701366245
-0.09899784090226509 -0.0038900661164867263
-0.505636816861801 0.1266912839564111
0.7310664850669873 -0.27875704453410927
-0.14545184155708776 -0.3000407268426272
0.4574960412730568 -0.5338762738206958
-0.23373967559869005 -0.061459809656084684
-0.06563299609160367 0.07617797218304001
-0.734979619880349 -0.13863056956762687
-0.16743386992325004 0.6692609176046909
0.04878537922570426 0.5960441213652092
0.6572913095620309 -0.6833093201610513
0.6708048120468607 -0.7024868905048076
-0.2334706813363788 0.4587129796423839
0.16905610113081954 -0.041894371936827685
-0.4196288197312433 0.3899224099011435
-0.4442694164652677 0.24507235670194366
-0.03392042580621364 0.09747255937047385
-0.1921172633199193 -0.07652447813919518
-0.7474812129779518 0.14357910996814288
-0.6458286030017892 0.4227077502702669
-0.17529999642761226 -0.027302239141115667
-0.507687516089629 0.2022545377100489
-0.726453353698104 0.05605855798295768
0.8127539168401783 -0.45263723199932693
0.11026709865388624 -0.09378214213556949
-0.47620783594508975 0.3015663192204848
-0.4243845756185481 0.37391468981224535
0.4184515642261808 -0.583213610925656
-0.23753766371382634 0.44179774592565185
0.8261430010602681 -0.43141912242414565
-0.2165812843194873 0.7119052418447712
0.12356625285520295 -0.12428260779327086
-0.15435988285085783 0.7378903306385329
-0.17036217664393927 -0.06604959628256477
0.6649061750832381 -0.334977499791925
0.7774885979708926 -0.649235072713353
-0.2529150599253412 -0.0451985419276995
-0.4191826928488202 0.6840188965142843
0.17425518937966028 0.15481065030976918
0.7690984956966933 -0.607972231523322
-0.22054218264537837 0.7208039056200266
-0.0477217420421808 0.0775497876877597
-0.7067065016657542 0.18726015045609112
-0.3711106747269024 -0.3420808878013431
-0.25365080180645294 0.4660989527314362
-0.06748672225697229 0.6655152900595698
-0.10334934059590789 0.6566399069870983
-0.3436296081994477 0.44350496281908997
0.6545561470543722 -0.6900306359901396
0.14297751391228303 0.47737396868801624
-0.4437581905106537 0.23878163582201067
0.0360235529702544 0.5852552523996383
-0.6873479412858275 0.2749962669069539
-0.5720954508647584 0.574229198558914
0.19559600258134138 0.4719011517889396
0.11406135139098732 0.5231147081075674
-0.04738229906938708 0.05615770717614112
-0.27134349927895024 -0.028356007506156782
-0.6559664108528388 0.3630282488396237
0.21845532502039494 0.3675582255798042
0.48975291137093546 -0.3446780036209979
0.5019064279091945 -0.6373128799140805
0.5281059908466884 -0.37981278561388043
-0.06049214696749232 0.3014700625961419
-0.7475445441373141 0.09309423866438503
0.16971417221334717 0.14500164973103305
0.803036703444457 -0.41537638682317984
-0.10237110666828944 -0.025722772121738822
0.7610707362709658 -0.653163530662603
-0.1870969215959937 0.6976531419998698
0.6134779049580882 -0.6997233701920719
-0.7377162874623349 0.025442013091556154
0.12388324719968599 -0.16737292330122708
-0.23292521000907745 0.4475642009390421
-0.4159441078497763 0.7160166189552323
0.0012989919931393008 0.10284299533049136
-0.0048955203610122075 0.1832872197725813
-0.22022108162971457 -0.2918583888954252
-0.02741256426089611 -0.27676225584336467
0.5128527665135632 -0.371251578133498
0.4744125881023738 -0.6422861211412275
0.5111175053262741 -0.6390816023116599
0.7225079725762396 -0.736117353779027
-0.05647166956437047 0.1753435898640268
0.12021620417957744 -0.1680454498683893
-0.7015895481413058 0.28133261497920614
0.45262810255866254 -0.5747869975803023
0.5614502324486618 -0.3802182461008552
-0.36398459848422904 0.7297371704094057
-0.47152214916247176 0.09881421292968051
-0.2181729711264607 0.43762684502606203
-0.2029247717440172 0.4388191565011465
-0.305650037227387 -0.09046909505364018
-0.6513918553014304 0.41581738499743276
0.4403671065330777 -0.39277284408066254
-0.24098432087652574 -0.038064025914397726
0.6058589221104848 -0.35000796736244827
0.479377386270538 -0.603014637841481
-0.06849416234225164 0.6356665428693752
0.7716609684358657 -0.34389725031899426
-0.08807403555756044 -0.3041555157106963
0.44583124574072996 -0.5450659601991212
-0.06634278721507163 0.11602981421910973
0.5953338210662644 -0.6916402699049915
0.4482523452047434 -0.5548100807807356
0.6014710882213911 -0.6968096465379906
0.20451309263289885 0.4385032141266678
-0.48506022271656557 0.177467633869913
-0.1565170589165811 -0.3297291489500844
0.8186651358745466 -0.43037926744379434
-0.4190557665067222 0.34998276009826557
-0.33712723815742784 -0.3002704506890738
0.1983781551158436 0.4768223197175889
0.16620206891381392 0.11856784797772453
-0.3411739562175391 0.45092773944777503
0.03632771174972902 0.6033414762944542
0.5536416495015634 -0.3676570664317603
-0.3036158627009718 0.42021329984614075
-0.05482363074045907 0.050669095735038736
0.08814257004327676 0.6103034655828088
-0.6449523114053349 0.4242280456864385
-0.7530134801207979 0.18806670817940416
0.6044847730132911 -0.35429727939965533
-0.23615333948546152 0.44501452300435423
-0.42037092352898897 0.33473652933011505
-0.6157439916204873 0.5332811685158061
0.4885216516605057 -0.36243200163161776
-0.10760288321225517 8.488424775890735E-4
-0.4336127864702606 0.411207877851529
-0.04811483340690472 0.20771117771519812
-0.3257589691839965 -0.2922677352236178
0.41747308425144675 -0.41639783433103805
-0.45739705743204845 0.2768083674964603
-0.5890889320060648 -0.22040475524179745
0.14429974600293216 -0.046861199125557015
-0.5464979001666843 0.6203714580370776
0.702360753685187 -0.7273030108082033
0.8300841224652515 -0.5102050582066479
-0.47745876464560555 0.11439631680937586
-0.1408522871090158 -0.3224776828095859
0.1973494112778487 0.30019716483408104
0.6354321732101524 -0.7006784329078268
0.14586769296809166 0.09899151134415414
0.44745881848190283 -0.5780937220592597
0.1580359133336261 -0.10532775596215704
0.8115080536772605 -0.39290220300628503
-0.36908348565934773 0.40105995580181014
-0.03373086770045404 0.26541469156236225
-0.014073074978675397 0.2013314287926936
-0.46151150927864537 -0.3061322166664354
0.7921991641093192 -0.5028458328240482
-0.7219266925670947 -0.13903632790863998
-0.5085010480801256 0.1038047557249765
0.5488886093266572 -0.36944795885444215
-0.21881391788578944 -0.08256524800447816
-0.05450581391378875 0.0080957180323162
-0.21583757667424816 0.42568772645513
0.06850262169790558 -0.24285712346557622
0.4598968352229133 -0.6228858806081058
-0.07007294899752917 -0.018108529769285914
-0.6730079672398452 0.41336816555635264
-0.4750556755480861 0.2281189783200429
-0.3554531741761929 -0.07619741898680293
0.23366807677470527 0.3931428491796324
0.16323950810942828 0.1419765526323469
0.5638406945998874 -0.6910094403503333
0.8047107754579762 -0.47068967822451174
0.5731388843681956 -0.6725867023590549
5.122188151419019E-4 0.2885796798628091
0.16399493797963846 -0.0806973668134458
-0.26537794069943127 0.7194456594602493
-0.4472928806285648 -0.020964639426794635
-0.6013818330095394 -0.2055671672277373
-0.40465170042948406 0.4035567504950104
0.08563577114076698 -0.2342462819440192
0.1084076549707254 0.5699369293094964
0.6684451370580399 -0.7221156795356846
-0.06266696688572437 0.016394426459717313
-0.6241243406944028 -0.23437344728637355
-0.4314096197019628 -0.27422130726573796
0.7685256081630067 -0.6086118293911068
-0.2931114379873512 -0.28464845672133227
-0.46533948652840773 0.6251194689007864
-0.5025081029669055 -0.24010692668574052
-0.5468604414067296 0.5500261083775867
-0.018324081133508797 -0.25979078035185865
-0.17786881294519777 0.42546189057458284
-0.7120502218273307 0.275606125066962
0.6009244869031952 -0.34836474723249317
0.5315385618051767 -0.33756723264510013
-0.494758450301696 -0.29034523082992486
-0.4690505728472819 0.20303168245893413
-0.5106708461493559 -0.2665833783296866
-0.23997933330229046 0.4480731499819042
-0.743397756022873 0.273033558003243
-0.24758509227930753 -0.32931517993543025
0.20453141107741127 0.2934281556265037
-0.5355662793491373 -0.23052846094889123
-0.02409173129824732 0.06791267429267293
-0.07170686769503182 -0.321397132888434
-0.05135901006711435 0.08764465873078943
0.7942252274341475 -0.7015096601661172
0.501506967643218 -0.639252231257585
0.5208688453635053 -0.6585799660889322
0.5661253296111984 -0.3790376915709398
-0.10675029321684046 -0.34653976795998387
-0.6679281898335523 -0.16267764065886808
0.6990525015347673 -0.32965051606229867
0.0594303672450629 -0.239695894917348
-0.4546948013363281 0.2702488990284251
-0.7213270707616818 0.0406191010234852
-0.0768955121138555 0.3756178775369482
0.7763853842835181 -0.6401554709177416
0.1239781317857747 0.5148232785657824
-0.7775558262644624 0.1239395436269505
0.006563854739660542 0.5722385117274359
-0.24081842410516033 0.7256504041637064
-0.4125641610941606 -0.006273369764785646
-0.2174613216930598 0.4051565931736721
-0.6082956232821232 0.5354337223163024
-0.026835539794799766 0.28639687322569934
-0.1736810595360515 0.4100245538717736
0.20314042874758437 0.33338751681143197
-0.4670211846495451 0.0341916009827986
0.1733808192674879 0.4115960709824671
-0.04501776243446254 0.2654901976191498
0.5502915180522066 -0.6631376997734223
0.16230023831069426 0.16903333838351395
-0.7322286269817752 0.24230473933270286
-0.27365424787006165 -0.03823490605748854
0.8258702845629655 -0.5830008295098233
-0.052686021177233706 -0.016924777573425823
0.6581008827810548 -0.3184443623528379
-0.7081194480841796 -0.13271851014020722
0.5605477534404768 -0.7079806040557279
-0.6776315137498615 0.4038938393917576
-0.3368320683483974 -0.303880391219447
-0.7825662627003838 0.09286488648988155
0.5466252549140062 -0.6694962167782993
0.00503132622909277 0.5975441875798101
-0.5164628560431794 0.6543171388310285
-0.1839734162472818 -0.07284837625062228
0.7786483520726339 -0.2922197374206047
-0.25794870290287963 -0.02799514547176519
0.18632044706449316 0.07646020443680565
-0.36956039191503703 0.4065891772947749
0.6879343583512116 -0.7040643420629504
-0.05569433925249257 0.3386655830685388
-0.06759883201959932 0.6284505445467411
-0.11200541935776945 0.39050297472538176
-0.49335709561242436 0.6215649379384204
-0.04284053960502907 0.18056368665311462
0.5402786396660059 -0.3782442035772702
-0.7492100295374964 0.08951300749567395
-0.04223875057739482 0.007441683596825518
0.007468638688329558 0.28491691117846796
-0.6529218658293889 -0.21556978299863508
-0.2099241258072156 0.7187996730960697
-0.18729851365098737 -0.0315529489070237
-0.2988200195404275 -0.04490848029478438
0.4415548238436806 -0.4619579131105356
-0.05319903357291897 0.1463510920921425
0.7747823729339351 -0.6083351043060594
-0.5738810290778794 0.5568188091679778
0.08278767533512867 -0.23901818768427877
0.7649602457371282 -0.6962930382475879
-0.6986393311469877 0.3155376326916486
-0.21355538004400604 0.7385644466590293
-0.41495703240157233 0.36632007658521093
-0.7364478885597261 0.2095134512270124
0.10645239061841759 -0.16661885925222844
0.008388394662567673 0.17312948560914568
0.7306544027488617 -0.27783594142878165
0.5967163029939547 -0.6955801334575741
-0.3073234050571393 0.6957105586460962
0.08461568578199812 -0.22318027605314303
-0.7012827764547537 -0.129011662401536
0.41330391340553435 -0.5405194720314728
0.17292980142676337 0.1803992452707782
-0.1631470139961534 0.7105278985293453
0.10459432516759648 0.5616957966953681
-0.709939594611616 0.3192748791290546
0.1983580322584108 0.2163467170634784
-0.23002140102672106 0.4304976629785334
0.19034949401141923 0.21085911144687514
-0.03655114233635061 0.06542489714828718
-0.7000643459518604 -0.10159822203801014
0.4455794007483888 -0.4179538644677448
0.07592345795798261 0.5377054026806266
-0.5927628973272796 0.5760717855721655
-0.42038101103014297 -0.01789269749264084
-0.21763579560676058 0.4404462596513799
0.17181895634789746 0.2076019728453978
-0.4470146532758694 -0.29782669257975425
0.43028496685826895 -0.4269298476472043
0.16479562733568837 0.07617805693031263
-0.3204051627864028 0.44107963289022223
-0.21816602972241791 0.702199359827295
-0.47517618695925773 0.13074666824300152
-0.6334762982873313 0.5468489630454588
-0.3300801958223757 -0.31020784358579895
0.7585041638282681 -0.6303972035291692
0.6038304041807112 -0.34982883985044017
-0.7616574934285496 0.008591295454853026
-0.26069646798800866 0.43058902733688664
-0.0444795635580067 0.05565868183525159
-0.1483356443804424 -0.03902486094089852
-0.1985542002561208 0.4190026697923172
-0.1474265603087156 0.7074072802028292
0.19401039381701216 0.2805646488642367
-0.2344421823996398 0.42761533774094346
-0.6876044124367424 0.38170302330058736
-0.5913007408565042 0.5479669032507501
0.46370018151822934 -0.5585888439263118
-0.6813912203923546 0.44804887851160125
-0.1635609821453835 -0.31732696169565844
-0.7406486198351939 0.19494955981415463
-0.4577629654174446 -0.2765700739778515
-0.23842678140011353 0.6834976048456508
0.6239469153459696 -0.33595342737992895
-0.31072052138039474 -0.32388094455577987
-0.3705999626633635 -0.3391883286841198
-0.022971733666806625 0.25276389027911544
-0.17253130966729638 0.6719541840209384
0.1652151252333247 0.418037266376114
-0.36489342961953675 0.39868367264539056
-0.25061255250598624 -0.052536100322407527
-0.4957969973390208 0.2746893217149348
-0.4611307456305709 0.2769745743236221
