2
0.11090341721130907 0.6110946996210788
0.25240632430982485 -0.12399463797900012
-0.49902108324467925 0.370378476606931
-0.4175785919032308 0.4729492915818587
-0.1936538077596854 -0.13911152427464535
-0.1327166682266767 0.5640225026663839
-0.009736967145822934 0.10014382563665815
-0.538579797963537 -0.06607661143562021
0.0921595644521229 0.5515608460729587
0.0280291731409784 0.2249336267503448
0.1127423446598137 0.330559786381693
-0.17599264440031798 -0.11355948605888291
0.11626733328849335 0.571032279636636
0.11667201799271898 0.5147252111434023
-0.4360122884596704 -0.18042244262764295
-0.506142826118685 0.3267921984790259
0.280264682834183 -0.11167357605040214
0.12878608546805556 0.48511739177639335
-0.39783708691694053 -0.1267305765672823
0.03297190985760115 0.28615667685268287
-0.03659557655860586 0.08940126154465039
0.008887920518398384 0.23166590164703896
-0.2145156925407868 0.5216746100050603
0.16782923878120679 -0.0799046436480711
-0.6173241273938079 0.05275138874569412
-0.5535606324587781 -0.054997274158417896
-0.2873528839995371 0.5419188897850862
-0.48906478282045535 0.3824195151927634
0.04184219548857773 0.6174136230932092
-0.49510338468207266 -0.15571022167063442
0.03830939406662897 0.3725878426975094
0.10564527454773365 0.5264012337707307
-0.0864349917811173 0.6167243686777787
-0.5692631190198305 0.08694687879613128
-0.009053876105040408 0.06842480303557825
0.07223298712767416 0.4473312526154703
0.11459143582956301 0.06397656817779723
-0.6181968603145467 -0.024214382489835203
0.28685717476414824 -0.11840096688983029
-0.012113117126489404 0.5668717735253999
0.09440848811041405 0.5710069484461292
0.12796615988807256 0.49716768543163475
0.0751676137460915 0.4950474446436659
0.17593271974609215 0.02484749083459576
-0.14388402324099786 0.6210437169869656
-0.41465467723930394 0.4450432209973926
0.02096350738838377 0.17806769795662225
-0.5832207933070888 -0.10193651087994131
0.13453220714369687 0.39952765760303627
-0.5618448297607748 0.31571168622796403
-0.3194056195668919 -0.15556837944507246
0.14486898712786095 0.22176727111957736
0.00405972280478693 0.1410857783870773
-0.5870131226951127 -0.06311519149034836
0.13131152104963045 0.522129085363511
-0.23438277135165303 0.5641508372983218
0.14093469845567463 0.47738607943739425
0.06899263709727829 0.35545138300340956
0.14346601566800643 0.27144356495999555
-0.4960626667062897 -0.14884930386883716
0.29449663614825283 -0.10409846173240908
0.13401652068878508 0.5179140825183648
0.3541284071436873 -0.0922648796220661
0.40148716939732026 -0.03225096386846189
-0.049955319643213064 0.09699417561823415
0.1678741868817487 -0.0375446174702184
-0.5937867794880706 -0.07626898137093709
0.033219713779440475 0.6063412133309012
0.09835990397455002 0.28619627485990007
0.006392699807480919 0.6153267075196706
0.06366298151019313 0.5632986887985961
0.055189207832215176 0.2991800815453961
-0.4392640792320237 -0.189884775870932
0.07681388150852002 0.5234085023382443
-0.1090323339888126 0.5779335017516164
0.4048477458052893 -0.10289703750557123
-0.4932934345128119 0.3780213417048617
0.1334068311986359 -0.013974014765847755
0.07760024784985375 0.30853503024280066
-0.4243988645091102 -0.13264096268218736
0.44125568513249297 -0.01977252780716526
-0.5083725969537719 0.375758923620826
-0.38516300169464707 -0.15819674252102003
-0.21082335676273808 0.5627169517524083
0.012473840806334048 0.212168649755095
0.15657132705115012 -0.013279230214680903
0.4172359001578072 -0.02057267840211921
0.14905582743952872 0.10881102554081053
-0.1839436614874693 -0.0870270898366914
-0.5298735288219883 0.35960282610550487
0.10710122465279956 0.5124972437712298
-0.40082386944115694 0.4602131397997445
-0.030283261454467834 0.5892805051276846
0.08447196567605962 0.42568273520475564
-0.029099673871274944 0.13657685018949867
0.027638809069193446 0.5779960030101202
-0.03481365057014898 0.622451582044583
-0.2859359309474206 -0.15301644048921315
0.10848674190268828 0.4079672722059571
-0.5247221048921447 0.20591549371806062
-0.3520168112432258 -0.1965648286455816
0.017324203009414608 0.5601734039406302
-0.31754495319263554 0.5188648891078583
-0.5096878402471626 -0.08788161210374067
-0.31443636822038606 -0.15887813903376943
0.25623673691154714 -0.15238421304561864
0.07934091102214362 0.3817087076099284
-0.43708084404361414 0.40514380297822183
0.13614963670389726 0.08696861810895333
-0.24969365960257903 -0.1864486561955014
0.21668450217796192 -0.07564666874648386
0.10410432093736555 0.5635986445125655
0.026787442077540694 0.5710670938515341
0.08081684290704175 0.45671168323409594
0.39686343771750615 -0.07220518325969086
-0.03164470979770158 0.5749159713300988
-0.09995999861649997 -0.04404049665107152
0.0987424671427101 0.4394032927511157
-0.3199272456661777 0.5270178477994624
0.15260542219056486 0.09005056067754405
0.23747845341439452 -0.10227763448450654
-0.5350122423401049 -0.07608040893029283
0.16821748312332507 -0.05020949722097953
-0.08501892134102301 0.6144945418143819
-0.4918490940588513 0.41247116084060176
-0.31845857608817774 0.5200429686507989
-0.49121195376730326 0.3679073116825118
0.12567434702651667 0.558274636468596
-0.06186344676569964 0.05382181176197927
0.11328816487494218 0.5790522415690811
0.02967672237801859 0.11713919195778412
0.06240015403992156 0.28862122180383104
-0.04352721615200797 0.5963110036363891
0.07263136569226787 0.5900546205229014
0.12236478916942341 0.5426565786968376
-0.13573619868870423 -0.09788866375082705
-0.483494015179227 0.34466021532546337
-0.27059488337171483 -0.1230517380704104
-0.054702020027150224 -7.167177987376286E-4
0.11048225981843947 0.15161647826400507
-0.5599368971909953 -0.10426557652575848
-0.2932038142028829 0.5422251086889645
-0.0750941123341937 -0.026053628726962378
-0.5290636919946814 -0.08600203942988836
0.0514373701695727 0.25909598238347475
-0.31984461145444526 -0.18618925719194312
0.08527565621620359 0.47444522512697596
0.023981199932895835 0.25385460948872557
0.4490279416685638 0.009853607100053334
-0.5336799492575023 0.176541558889883
-0.4877050037324652 0.41083734311111
-0.4833559785486855 0.4134062057758362
-0.5754304161431321 -0.009277428711102402
-0.19360526197772865 0.5540332694414035
-0.3358657929127762 -0.14000364975807808
-0.5667135726917284 0.02879140373345592
0.3865681975506588 -0.04115498037436112
0.09151294386359135 0.5962650390285625
0.14724162638552438 -0.046427913857994746
0.15767864859664713 0.0886708410400172
-0.4408456495947244 0.47696879315736634
-0.6110720166557102 -0.03347615878656446
0.18558159474695154 -0.051992842082983846
0.4235478374026648 0.008721439290418402
-0.49658668327788463 0.42471596251242916
-0.18180984150026414 -0.12157600640578115
0.013982007659661804 0.1791054868491161
-0.5199689902931688 0.3353865830790124
-0.47798682887610616 0.42388841065054056
0.12415946662629286 0.566203748926495
-0.4491533678160685 0.4529061765682422
0.057746686437279586 0.28410880160517876
0.20296547967175685 -0.05127602334165791
0.08851197542449692 0.43940450788310104
0.07112529311934661 0.4659571899474351
-0.021600121336187498 0.5645502515232983
-0.12871717052839737 -0.06893389712091713
-0.005776494542094307 0.5630251782375664
0.08065645421766514 0.4181744633304663
0.1026188925171806 0.4946682784356929
-0.5251895203551531 0.4015428111463943
0.1649231146332941 -0.027018816734614575
0.17446803894420176 -0.08635343000542908
-0.5329103650908479 0.24362528171827913
0.04260571232032873 0.2777335556027479
0.08966774192636327 0.4208512826348015
-0.2923229522257243 -0.1543304991179277
0.09967028361627817 0.42370746886304156
-0.17574844005080753 -0.13439792611652573
0.10359820659525876 0.3414656712744593
-0.5450668185132506 0.1719706559629418
-0.009963649265594465 0.08370568935890693
0.19975454191852066 -0.09547723597708095
0.09942896658650777 0.47854246312161924
-0.010426915911421588 0.6178389025430009
-0.563143259354354 -0.009426461708138352
0.08885576919453324 0.3156942891581925
0.08379953726504652 0.5106499835852042
-0.623210218842484 0.02871873125644413
-0.2627981336562405 -0.18404343676720544
-0.5076522286706042 -0.12138305132031026
-0.2671589869213651 0.5255926243097296
0.12284330368238784 0.30641768277469417
-0.28016455213279867 -0.19061828255398078
-0.5636642181538662 0.29060977740689253
0.2562199821048868 -0.08744504448611186
0.02464311449967397 0.5610840318491759
0.08790879333326833 0.19050817501249506
0.10997854515215276 0.42005952743390407
0.08174762982795149 0.5146591445849399
0.41758770521724764 -0.04213049727899431
-0.10830646630470142 -0.09779737377126707
-0.04524325823591255 0.0852264786316537
0.13005071326898984 0.029994330824303573
0.0043513557414722 0.049366316190163385
0.11835601341621403 0.4409807798881026
0.40874682405168056 -0.0663518106454122
-0.049206755551550144 0.046663649969383984
-0.039970543765215326 0.11916564146140578
0.09672699521939118 0.08821882448040867
0.10605771943076017 0.3824817383444524
0.2718465927170655 -0.14303517191193085
-0.053641556441975054 -0.0417743176353368
0.10722092998098484 0.4178171964841429
0.342850911715228 -0.14249213380297307
-0.17270211206290714 0.5508073328209684
0.36961443907919167 -0.09583788099318137
0.010509501465313632 0.6036943625020346
0.1405440484311011 0.38131987444701
-0.4374044974275566 0.435539313612997
0.10659936886694765 0.2540814195670316
-0.060078612951213396 0.006933595536984853
0.12056131261796035 0.42610297317467993
-0.5812108350245031 0.15184457811751306
-0.11248865346189385 -0.09249796333534145
-0.6081760019660447 -0.06906560045264029
-0.04999324465845935 -0.02329077898202911
-0.037268792443913415 -5.984595228767375E-5
-0.07319918777396349 0.033916290734063256
0.3887768430739777 -0.026467786796319122
-0.6261001726273506 -0.037883958413659685
0.0662642224697701 0.33029196832277763
-0.5766647450991599 0.16297024187452108
0.005363336555230754 0.16774530448639743
0.4137920535051874 -0.05217756784914172
-0.6251706891998323 0.03513648024173847
-0.5239999572384453 0.23741333344786844
0.13297504003709187 -0.012413543275215488
-0.37531986901252046 0.5149531254325526
-0.6054120645176749 -0.07208357389508895
-0.20641575578732518 -0.1067726262963051
-0.14589377980446558 0.6055723381359143
0.17547708057637615 -0.09285955327256677
0.027059240643233125 0.1906424757023753
-0.5182283405424728 0.31435227093605844
0.08891709407043645 0.24750875765992097
0.14623277706671084 0.24696976181196154
-0.5618997527115468 0.1375129066884303
-0.6080546737391969 0.06785039560724783
-0.4730586650416715 0.3778253190418137
0.2344748766376557 -0.13342613004889434
-0.5062015021325909 0.36352707647002463
0.38965176482549946 -0.05414073838699475
-0.4318194111497576 0.42851165084947374
0.31680417333225175 -0.10815545467751406
0.052838904069813945 0.615982057332943
0.04495925553439046 0.2999400203730485
-0.042887372833752505 0.026569354824384467
-0.3931085619852809 -0.19330448073059586
0.1031487780771541 0.43797886291665944
0.07924914433458204 0.4614371013416859
0.3336735845842067 -0.1411608865945353
0.08395247795805233 0.48286074852021
-0.03654949640706491 0.14971825919665424
-0.4967995197825973 0.3782221105113275
-0.5129413857509442 -0.11424225421569494
-0.6133754912310879 0.03184455171306032
-0.48223982069149873 -0.17123013985450675
-0.31780028326810705 -0.14963039761047317
0.1612191273053435 0.07371194392588279
-0.28407001853311525 -0.1844769329610176
0.08619610583545921 0.39465180787496706
0.19146181094019576 -0.09509652161935302
-0.18478134902047316 0.5758507673270845
-0.5723063789031096 0.12719592872470495
0.20536977871849027 -0.11070463867342123
0.2737871525291532 -0.12057275909397959
-0.15619015458176846 -0.09316908481194237
-0.3572917722908678 0.49560322942497426
-0.34720900196792853 0.5299556424084583
-0.48856660976873106 -0.16712417842790425
-0.596287580204664 -0.08200252782350068
0.09212435759865684 0.29722228677353113
0.12546080483500893 0.56486683341713
-0.5099474040708508 0.3521344958480437
0.43243887941148085 -0.007385200555791395
-0.5740311967010713 0.1670415766145705
-0.290181817974873 0.5344270342929791
0.04703222842017586 0.5958615665747773
0.08579886541628734 0.6059575319031226
