2
-0.2303479501705963 -0.047976871050547626
-0.27533308547055374 -0.14431822925243998
-0.14352465740903236 0.5407511469768083
-0.12630431195380784 0.22034206030810016
-0.12893847665275815 0.5020427889042439
0.24309977065295887 -0.047803750392410506
-0.09829251553232041 0.3979963769898053
0.21238736871639333 -0.10695980563219393
-0.09624946090891626 -0.14700329152426075
0.34833178394920916 0.3288495644215491
0.3822818021407062 -0.011386279103470353
-0.6116265017209706 0.40101701745303947
-0.662357295882573 0.2777713360489729
-0.21226428932999955 -0.11663112212574674
-0.032232946662191085 -0.16977790965835424
-0.6010496618130977 0.2791643953653415
0.3098865727097251 0.4007407531926654
-0.6042752838530596 0.0023404202785390757
-0.6021347235843134 0.354443686592754
-0.07448120568075789 0.3857624884505557
-0.1230188070675202 0.5313146729564562
-0.5620804237888825 -0.034604396255519795
-0.6354974650703004 0.05319708801750532
-0.08196244598215931 0.5080067676284801
-0.5254308595466206 0.44028204277356775
-0.5895740102711388 0.06432639391302739
-0.11999553680528 0.4423280597267202
-0.07277234338987322 0.2766071977771727
-0.5427792374277742 -4.038271743648162E-4
0.002747654527122639 0.536150601137679
-0.5851982564559984 0.05797491622470015
-0.1281290566441131 0.41189010382144253
-0.0767290294950997 0.4404626691896972
0.3436974494901699 0.3263060200772358
-0.18107881433402212 -0.09904216206400501
-0.27379569978864443 -0.11208148655981745
-0.2871799682004353 -0.10400542312101323
0.30831804777281185 0.01166465502951856
-0.5990255269026977 0.01989497164468825
-0.6437830107980941 0.3099196016860923
-0.21962750315059026 -0.036710478113812235
-0.2563817243092548 -0.14707515228366144
0.3197921803040799 0.28134902534865497
-0.0463905259737345 0.5504347596919673
0.033930120488437486 -0.14110495720159444
0.04853893108690613 0.5221598020189255
-0.5060679651894663 0.4217632080249285
-0.0977307601738958 0.40442230155207587
-0.493657655981981 0.47459378410617054
-0.23435162408133559 0.5305425398846072
-0.07031570720455022 0.13792118263726005
-0.21563815315642434 -0.010288580622091483
-0.5609820491277778 -0.046073499930241534
0.32863393478266534 0.3835297255216029
-0.0677631941731865 0.2801625366363518
-0.5284758056250157 0.48339546989308046
-0.16395242593431353 -0.08612193621811287
-0.13596654735415123 -0.10726340016565548
-0.3493187509532235 0.5156028028650746
0.24784814195163524 0.4569629472795569
-0.06162158426872433 0.37734627069572174
0.2545087268813383 -0.1146273051393183
0.34553998264669566 0.04381215177581415
-0.021310400308770263 -0.17013770368677114
0.0762536051546789 -0.1062712613605127
-0.5723675334427443 0.0767661908564143
-0.1258630318427841 0.4947994399967886
-0.5605022710020741 0.03278198380128269
-0.5496546577063602 -0.0761337768341059
-0.0913571138095591 0.4891837800935567
0.3710924759934799 0.11539509910589288
0.3784975977919468 0.10153340142235474
-0.41545966909480286 0.5316711333484299
0.1012482421225144 -0.0924805238374544
-0.2115097520485702 -0.15477281918131325
0.39617739449461015 0.16005108516270108
-0.6138222455322181 0.1780480394860972
0.12733775605074166 0.48947983514420373
0.2561804675001872 0.44744000020009933
0.22646174102082264 0.41333922876639234
-0.19063896916842074 -0.11348820075677206
-0.47562474048847053 -0.1086987581522347
-0.12942423798557987 0.5454474287395928
-0.24747128215730613 -0.1051379475788834
0.363764728421451 0.34422857390512757
-0.04834897990142508 0.4297973063419004
0.42683722590958495 0.038676193343874087
-0.11554969126830845 0.48123175183728134
0.1384706215147378 0.49037884467737797
0.1167787182442197 0.4676509300382955
0.2411995799664794 0.48743891175412263
0.3662037475776869 0.05342464277382779
0.3711253559222731 -0.020897124930592478
-0.0948179075814367 0.29800299517911166
-0.6626506034565511 0.1631149159504693
0.38278161725719884 0.061487304913157646
0.32711648376505065 0.36017121408833686
-0.048847765512792685 0.46321448274850185
-0.21341922377142833 0.5413761834661682
-0.4058786083291897 0.4554464375873537
0.19818040343018783 -0.13974084684607116
0.309372334057648 -0.07547546803714093
0.03257598431650763 0.48660913128864136
-0.41861957445063513 0.5055755950625862
-0.20511490983550648 -0.16203875378362834
-0.3927317233650448 0.4841934860669983
-0.6085726404944386 0.22828391059537637
0.002700261913000001 0.5436322880886493
-0.633894446193766 0.32312662994000085
0.19115085928835035 0.44627402436831326
-0.624068388466911 0.16814458700747623
0.41670113135014675 0.13649335520822944
-0.6124023298951251 0.06572805573371814
-0.5737979649576136 0.4630616588895375
-0.29975192728443945 0.5207362003425033
-0.607476340676438 0.37145179783760807
0.3577427857210508 0.15796387865006722
-0.6414100085999479 0.2715382688453381
-0.6066143965456391 0.23561472119378493
0.37862351018166274 0.17829442868471876
-0.6351852158697024 0.28896605817188376
0.09737612848955621 -0.135594491468752
0.3810016568658239 0.2976035701553484
-0.18794083994765687 -0.016176743913780076
-0.17995352404076054 -0.13898474616940082
-0.6289322497350048 0.30694235885207916
-0.40533820428157374 0.5149986918449188
-0.364306617104772 0.48638134293491914
0.3810097492411594 0.10954621034320705
0.34200689353682945 0.3705792266172851
-0.5906482401201306 0.37801684493612164
-0.6207781996802563 0.18119581882318794
-0.23962589876046592 -0.10020365416127296
-0.12206522217036346 0.4400934080952525
-0.19967604075227674 -0.1389715503556647
-0.045419395962379476 0.5519568549021692
-0.27069590763852924 0.5507075766370061
-0.6859670315299157 0.2203639380769502
0.23262910312358923 -0.044449423839514945
-0.13959669938389652 -0.13998831567817566
-0.094068573584712 0.4316360720203676
0.4005164301499074 0.11734451448548194
-0.09240158356883 -0.15006918292147436
-0.07287322397893888 -0.15013278583978376
-0.6158417060783786 0.2862235115862745
-0.12622643582804055 0.26298808490609094
-0.5265642324180283 -0.06720475999055774
-0.63257696402947 0.20169671734346756
-0.13681788906629833 0.12043633354757806
-0.1535525796098464 0.051952404912480196
-0.1513812725482969 -0.1326695180141142
-0.4108115846904633 0.5249022439554383
-0.07975561513334867 0.0849533682700987
0.40373051103460417 0.06236568383218999
-0.5796734945897756 0.43232085927573866
-0.2229768391542681 0.5281612781274707
-0.208468402554329 -0.05422314813446254
-0.32049689608091975 0.4904022018761898
0.32227735325909784 0.03689986919701918
0.096314632961396 0.5307840414615445
0.2888936013001616 -0.07217598015665487
-0.6565518907483516 0.3455759490544579
0.11050198040999154 -0.1207987242772585
-0.0783030606427506 0.22429304924126967
-0.22690482094557277 -0.15567388690399847
0.2655914249241768 -0.08949394252767036
-0.30496414375257025 0.557841811395571
-0.17120162148080975 0.06524269784795061
0.3043456830465391 0.26678546627356675
0.007844873467493775 0.4821076517115146
0.31694882142359554 0.32943503050169737
-0.388527311247238 0.46709026880796634
-0.11213983192139058 0.449352694184606
0.14306962499116954 0.47738245828323955
-0.21978813084282697 -0.10154237220510803
-0.6471929895981532 0.36707749433193354
0.3361930371054401 0.3611181152450408
-0.1757354482976866 -0.10710828716309266
-0.11337194175721531 0.5010987962634247
4.42383745458983E-4 -0.15641616456045768
-0.3189479725723182 0.5332979134191387
-0.10695023278152538 0.3892562806266856
0.2427610518565001 -0.11111344650951385
-0.13486878739129055 -0.13639798482692791
-0.021420339841607947 -0.1343639714427788
0.33099381616627777 0.3106454281529626
-0.6128531716289171 0.33756928690536947
0.43932400313351555 0.10219670022283348
0.33368106096170397 -0.015795932690596905
0.40619044072866034 0.18418639040029025
-0.16926104880598644 -0.1147308899220269
-0.07340864515525103 0.23270494041550033
-0.20911861252669914 -0.04216960476787676
-0.6425059649371629 0.23555177862238488
-0.099818399783879 0.2946495805186192
0.05617999652858771 0.4946890005313918
-0.1085871458377098 0.3026258649851089
-0.3500278961183785 0.5046608539357345
-0.1012057035782874 0.05008704382699421
0.35997368087477694 0.21625828459834934
-0.11790598276335648 -0.17983584606567357
0.06409449878018904 0.5427972679489357
-0.5925788749288499 0.36926914399057903
0.3782476112205707 0.3116706899316369
0.33773906831646533 0.2948193252068183
-0.5053799389138782 -0.05716675005149663
-0.13345466994733973 0.5292657447791353
-0.394131303434463 -0.08256179572884795
0.3286559018735193 0.4328954045758158
0.24639451391693626 0.3976583734647775
-0.22436931996835568 0.5565934730970438
0.028670140432009057 -0.11950321251426924
-0.20840820990475842 0.5505024156756948
-0.6466608185827334 0.16167347177566777
-0.07780929396872693 -0.11754156710273814
-0.12604912695900888 0.4136901237707797
-0.10040180216238544 -0.11802616413875872
-0.659544905152983 0.3196600696013884
0.34827251626311884 0.27487930258515425
-0.10391518377440472 0.05686033219027043
-0.24628866729535304 -0.11735163794242055
0.38002440050268965 0.12980648204779546
-0.0774601407674093 0.5387647043395251
-0.6452613261050998 0.37290329899227637
-0.06625063270609398 -0.15761218204096242
-0.16097237408739734 -0.036836822330822465
0.15528405551873675 0.5365779922037909
0.1391897509647049 0.4538981552982405
0.0835773987567698 0.48927256624410914
-0.3148889215052398 0.4936457926122345
-0.16185224317385205 -0.11403059879291125
0.28770733473025284 0.3595265791651512
-0.5887795267267073 0.3698397259752549
-0.0634330715095003 0.4809039881041938
-0.5965512661992138 0.09335633367538435
-0.37742101669714356 0.5184579138110411
-0.497119830432137 0.4863407509056912
-0.11893739182774027 0.5129284211045982
-0.16692776281082947 -0.16944563506789526
0.3624601072683305 0.03652381162936232
-0.14443548092457775 -0.13720620916512302
-0.5383905798932558 -0.07049040393718126
-0.17270559621180515 -0.021462576318752438
0.30763469243901304 -0.08332518678420228
-0.5909921550772064 0.08009257897799463
-0.363507343650456 -0.1517418800416855
-0.6670611487491107 0.1982357188436971
0.25049705116687676 0.46156732436068265
-0.5261636345725561 0.4027740624948088
-0.5540695365928116 0.3985123673413968
0.34128750652663636 0.36963083729941937
0.26976565089489063 0.390173118866444
0.32952726320545933 -0.04709163300058075
-0.031247213540929315 0.48509696071975694
-0.580835239191928 0.41394592971777067
0.005953738176545661 -0.15163207931530545
-0.10738684660339516 -0.12337655558619379
-0.2092717244107582 -0.059779657016477854
0.37492458011506985 0.1594547215109704
0.3474476319375799 0.050040915748753224
-0.5905325786059912 0.3693465022142134
0.39898284858971655 0.11447872929579224
-0.12864008218748874 0.25601325473285924
-0.13548437224501148 0.02320650187604599
0.11553510051863934 0.4669347169159796
-0.6490848577198677 0.3436336420042129
-0.5468439957172015 -0.03314757812853505
-0.6439784908088054 0.2615598634471429
-0.1026174695915779 0.4048124778182475
-0.5388784664921406 -0.05011578686138932
-0.6459095670069994 0.28512451824417173
-0.20945283904353404 -0.16410092762296605
0.1787599196764476 0.48936449905992013
0.3860966652563362 0.05476367493986705
0.06874355293705794 0.5005062191226878
-0.4832952248841611 -0.03816160698508914
-0.06632889622729408 0.5418205125680743
-0.10945884707645405 0.18221851445809734
0.32502235594988993 -0.05217618575693981
-0.6833586937398073 0.23692690068559036
0.36489074619658407 0.2613744092966391
-0.11234691158385601 0.17154523572468908
0.04398661942672599 0.5451841525978672
0.10210554612653842 0.47499679338088946
-0.6145389758017922 0.3979753289672496
-0.17119596305922025 0.5773304673622016
-0.08770257873767642 0.37679974371809277
0.23729528261872096 -0.09836970357105107
0.40010413802581657 0.2094437184166905
-0.30116320856874124 0.49736493823063654
-0.10658128545815809 -0.15107750956830102
-0.11630522331575056 0.48871926402882165
-0.06679621437629805 0.4789683902047585
-0.6414620389486066 0.39968094291842127
0.22982567611083046 -0.0906195437186803
-0.05741513932288171 0.21153107585790717
-0.25662862662345837 -0.09570227659529867
-0.5877000125820693 0.3163960854606698
0.1699091075824623 0.4388131561408517
-0.05580759375673135 0.4318214095221217
-0.12504549850368088 0.4190495189148983
-0.04673868361011614 0.47160014176772064
-0.04998680117471243 0.5481557651128822
-0.2881236998433004 0.5653488385984579
-0.5825003712911095 0.03952950442526988
0.0036333813410738005 0.503096748093063
0.11743785172705884 0.48556535874202306
-0.21134347609806373 0.5449815840810146
-0.10151912751719597 0.11726815385086051
0.30782208799505817 0.03340731936272978
-0.11239018421053837 0.386812279325684
-0.6515516750250532 0.09810948544342409
-0.06744709859293815 0.3814926076444569
0.3703298236292227 0.11739448798017653
-0.15535425005201697 0.022844032674539865
-0.16110208539029525 0.03595119306112338
-0.6178222925004232 0.09027854992435304
-0.11071863216560984 0.49883303539008095
0.25919504784300823 -0.09989918402642692
0.36672985517411044 -7.555697502042828E-4
-0.473620746811981 -0.05249102777749329
-0.12024629732474088 0.3462478335283684
0.3840941612994099 0.15322104668560058
-0.2066575818506855 -0.16360759761866195
-0.09006978080923583 0.4983364942730306
-0.17442785047436019 0.5793507064029464
-0.31301283929459384 0.5160220314585833
-0.3786407539144968 -0.1002544218233163
0.29113762967541806 0.35526968205581055
-0.5661365193338772 0.37144126782431963
0.256336205687929 -0.0982582536539176
-0.38136986920706456 0.5199916880119065
-0.21409735013110995 0.5502818282860331
-0.06323588649392983 0.31352423417057745
-0.3135064152888009 -0.17251711534217576
-0.09522927289593856 0.14094121545240398
-0.5677825626237177 0.39880615482153
-0.6073985930910722 0.422637184048063
-0.1145990620359665 -0.0027238568225610984
-0.6465928000959301 0.23733098941481823
-0.1506045540570194 -0.14086563250326814
-0.1320682005133288 0.36664514239906093
-0.5316457655073012 0.4731765239119535
-0.5358195248275724 0.4466245427425769
0.380110803264367 0.21557603109160633
-0.6613021539965676 0.24387490050867683
0.28645871176517157 -0.029009342295832238
-0.1344007356433021 0.03216491332769825
-0.45591907952647054 0.4424308332930908
-0.44654308718448976 -0.12490067419921805
0.3422292992931788 0.2666048749998432
-0.05698863455373688 0.4127666496941425
-0.35336925025909116 0.4917080445988839
-0.4091957629772861 0.5242068372622697
-0.052730706606378894 0.4104430385313261
-0.628044391145249 0.36625241410377973
-0.5832394246870528 0.09059705936758386
0.10676214358205034 0.47907018805512885
-0.6285835805867697 0.2979965327963633
-0.5073712110843158 -0.10178764018295511
-0.10229816227217574 0.21828347161805045
0.07603545376444629 0.4823286387710315
-0.1274856913253738 0.3569697148587089
-0.5905135723300439 0.43572474585454773
-0.12504597814994003 0.35914975166109353
-0.31635943213510026 0.52968492874961
0.14771544702442402 0.5330392356005389
-0.27224004809659147 0.5122573782801877
-0.2008835098250454 -0.16596823543576666
-0.38283107015175405 -0.109106673442591
-0.08905111401181633 0.3098681939761775
-0.5074177521244356 -0.07886191905734563
-0.009870617433451799 -0.10697793962343781
-0.2051553090982214 0.49921077012419585
-0.2564409629181226 -0.11182049565809223
-0.5535309583734298 0.3908385131882092
-0.5475163984886325 0.005651302967929913
0.34391463404924877 0.3220329410503099
-0.09719257893351956 0.41337711124889753
-0.2562287373418007 -0.12414071408019386
-0.1424482774096763 -0.1195260749944695
0.02109919599623159 -0.13792546887261173
0.25259397111032345 -0.07192458595013931
-0.14027268604669 0.03556876294692605
-0.13723738013383696 0.26613288617644587
0.18183662091639027 0.4614444288319952
0.4157316780892711 0.05828986319002487
-0.5597630474692604 0.4232665784443849
-0.6187739057311051 0.3365480946373762
-0.4787985292633733 0.49031235016182356
-0.5292685683444021 0.013288408780954532
-0.0768828190943257 0.4856823307764875
-0.04705697832520665 0.3972968655502625
-0.13332647240900314 0.3275632115099416
-0.32501054566243737 -0.15079557321657452
0.2657183998983832 -0.07425313336578787
-0.030088245497292027 0.5218661258991852
-0.12529271529732455 0.3795563103997575
0.07718444302038373 0.48880011559222625
0.3373760213274818 0.008788053586436414
