2
0.4267887077075932 0.10501168923843522
-0.5429576535532419 0.4551420914430297
0.4776858263427113 0.16621516274275014
-0.07471236255306034 0.5043647616484864
0.2703518817666727 0.44893595500739225
-0.32030501167918807 -0.06830557375985753
-0.06756139971930149 0.22824831484512043
0.15657188882016726 0.5569680570063773
-0.48919119853376525 -0.012001345615692003
-0.12879952936661992 -0.10073760713130507
0.3975482807559384 -0.03974141097759173
-0.3478275632188316 -0.07717177717855028
0.39082660478043846 0.44510047572713435
-0.07933627662730336 0.5304033579416059
0.29671452456265096 -0.07477242131376328
-0.5196889756373163 -0.03070318232961616
-0.25325803186570833 0.5145552615404818
-0.3267300777672851 0.5586609806974792
0.3520003392801112 -0.04614772487212842
-0.6122029768714374 0.34533690770412195
-0.013720316983166564 0.3843710937268861
0.45737484964114666 0.16005960253388707
0.41594011856731394 0.29560074795724506
-0.5273290685908777 0.44060243816419076
-0.5721662716438248 0.12116096023859124
-0.5353773376826407 0.006549611178008377
-0.2619647829684277 -0.06639567681020991
0.19374564921415924 -0.07479235992246326
0.38485564641924347 0.0207372954335519
0.3372356505228485 -0.0039346185134314735
-0.5460833785382795 0.051797016634666876
-0.16861941862078594 -0.032647025623385846
-0.10436991397141715 0.5919336507828213
-0.3171912388371915 -0.08756520404214313
0.4088038067594457 0.4126706311932883
-0.14295699615155627 -0.1503964416968796
0.22951485418255363 -0.1008768617379847
-0.1353077494331461 -0.10043896076485642
-0.21736562357701425 -0.11759084021720506
-0.2510070118214503 0.5291831613729328
-0.6177504089934284 0.2502672559745935
-0.5179743064980454 0.39141647931778056
-0.5809530077171129 0.03366541138921756
0.33110595152060623 -0.05684861003440119
-0.4614737336899055 -0.07120321066097897
-0.03230446240340654 0.3857784017128042
0.4042705652395709 0.4615130460182421
-0.14857951956606777 -0.007559625787512232
0.3996665011423031 -0.04413457978558142
0.2815932241315547 0.49196389997900675
0.4182389196476042 0.32514815336510744
0.2331350839045168 -0.0638931243252737
-0.2020351788124833 -0.13214023576302944
0.047218207866908606 -0.11558053445453954
-0.22442104794163073 -0.11327363164627002
0.12347617497969433 -0.15119391210395483
-0.3396329683535643 -0.06083649027064136
0.47190000891901773 0.32822331196931487
-0.5414884203115762 0.06597091867944224
-0.5082127524810767 0.09374799159869307
0.31932539490116046 -0.06127526794544982
-0.021960874726870354 0.39603181975358837
-0.03284146863183726 0.32820710461623426
-0.182653835773795 -0.09641085368158826
0.47457401216415274 0.11096443435682811
0.3481213947369012 -0.0812544316687528
-0.10806902099421943 -0.015730217128070004
-0.06686315849241604 0.40617571436565136
-0.1771346903534221 0.5936574083614636
-0.13015556268338002 0.5675187601272986
-0.5724118604667833 0.24662558642687032
0.3207502140150213 -0.059212755834629816
0.48006857952456017 0.13094716296480555
-0.6004920990788157 0.1360216382005759
-0.08747143783815527 0.3237176370152618
-0.506232953323568 0.00353528454163533
-0.10187929164043018 0.06195805969763076
0.2518616158711908 0.5357555037061585
-0.11341939284372718 0.5439773328734406
-0.2576178630217067 -0.09215373069007417
0.40813757168552456 0.38787342127422325
-0.540456147257807 0.09038068486419111
0.42599153952010493 0.10882219256070641
-0.31600122459268987 0.5841710586931654
0.08054212667193344 0.5028581268638447
-0.3549241016384616 -0.06255049487076272
0.3754768219454132 0.4369371852164665
-0.6502790429400636 0.27221387425667626
-0.14332474978819656 -0.02984853162200731
-0.5468910078691948 9.721018291702421E-4
0.4974157394515197 0.19021972193785397
-0.3249014746837668 0.5490612377135015
-0.33597212894145834 0.5640408494837295
0.4569119323998048 0.1292162046766898
-0.6291000309966499 0.2849552811426175
-0.5981959505364903 0.3076169794477667
0.1689680161876593 -0.12208423401569973
0.44427587134478586 0.3323861835618509
0.32169132400328826 -0.023251629410607582
-0.5381937571547553 0.041712207598402336
-0.020032783533341293 0.23819470322588784
-0.5692365566202621 0.1176749478364142
-0.04844304305939772 -0.08220466152798395
-0.032946637628912756 0.4638262045303623
-0.08914258581064492 -0.07971858753575077
-0.3907908360631716 -0.05203190144705483
-0.04474166190774175 -0.09641509066102742
0.3256910308004484 -0.07147451014213667
0.07090538860006991 0.5158418822632195
-0.01641292058654263 0.46853637455213054
0.16567399878803524 0.4997158420918028
-0.009587439190257403 0.5261702519356803
-0.3168565917282216 -0.08940112731043466
-0.1538669350507798 -0.0799534441579207
-0.10786426825437331 0.11822878077861598
0.04567584886611788 -0.15284966554899768
-0.16889102705818687 -0.03148268566181173
-0.09105677607114311 -0.003847322176615459
-0.5692800101298352 0.1033279056908079
-0.15178043475000463 -0.08643670959730419
-0.05974340295652648 0.5517011699582258
0.4551662399585731 0.13979848007712803
-0.03203915778524712 0.10861728063403991
-0.4470943276161235 -0.053831709889931856
-0.1961895983979115 -0.04445958817041666
-0.43963338501511134 0.4908353861197785
-0.60209533037973 0.2486637434725073
-0.24326104341075222 0.5163083236810162
-0.06293869478180246 0.49563574200657273
-0.4650095355276644 -0.03136225516306941
-0.05339035722770992 0.19682241495012373
0.2213002627730223 0.511956133796121
-0.04425649852007079 0.23012174948823733
-0.18921710939007766 0.5604120463073123
0.14810521136135796 -0.09117712772351354
-0.23555460143201837 -0.07589375184228553
-0.14018176576067543 -0.028460184196706942
0.11081912280803578 0.5421826430492992
0.48480140858071574 0.23427993265009017
-0.12403396587167947 0.5110734910479495
-0.5462512582133034 0.15304684181404346
-0.5854794409426096 0.38499314497960807
-0.04329179469682989 0.18939660932023675
0.48898255610144115 0.1805336324505105
-0.621831358969817 0.1844847998251376
-0.24770164338193743 0.5170234372089264
-0.34907521385235524 -0.07299892755201863
-0.2508585227514739 -0.09764515818899099
-0.08760651031815012 0.06467921136261642
0.055967872073396735 0.5097539676702457
0.43902071416952765 0.03137135968214996
-0.0361113350792552 0.26275221196282106
-8.313253082995213E-4 0.493948587625314
-0.08919297588052302 -0.1336553063167499
-0.18151110870014217 -0.0882824645352404
0.4741839819379106 0.1387189455648735
-0.06428073162498663 -0.1248083720220842
0.40975739553004853 0.4163694197529836
0.14207067209986274 0.5530445728235384
-0.3923201240580417 0.5143798099064854
0.4019025434991321 -0.006925408310759925
-0.6468784095794164 0.27962374939882334
0.4521030944460328 0.38641020452203584
-0.2510608300213165 0.5145420041618094
-0.0729386741760923 0.24210098955580386
0.21152778097534017 0.5029064644234885
-0.590549701832229 0.3556538566826084
0.43871587364539305 0.3486190278848287
0.2987031339477841 -0.04095695864265527
-0.24408785957304266 -0.12254000653461693
-0.4952775194251179 0.037838797443655876
0.4340005789956996 0.25694096864385074
-0.6349475307333793 0.35001575103276766
-0.03752113731772814 0.43447892349448985
-0.029977154548149844 0.42658646755948554
0.4867722394972757 0.08457340077806502
-0.6001579155715687 0.09738006959181936
-0.060297720345535405 0.4384229867682965
0.17572928148567446 0.5078563204692288
-0.12113249950760632 0.0018132892036459224
-0.34857681304941773 0.57333804818467
-0.41823042308166636 -0.0671974056589435
-0.5545203736158216 0.03320301690588527
-0.0869226187673642 0.08551401389361256
-0.567282074030882 0.10219677351163152
-0.5449075739655546 0.4173074497001912
0.2569205991685349 -0.07387451510456003
0.4131754361051674 0.061312848510671834
-0.296289999500041 0.5418294024406637
0.18164149903087756 -0.13471123110905542
0.0025676793942964573 0.549475902489257
-0.28192818067362824 -0.07630701461093338
0.397404310629607 0.0435170912839906
-0.058454022519791995 0.293349784756489
0.4343060642033466 0.31935429569579604
0.2376736848626689 0.4786083794307345
-0.5731826265642646 0.37478216633564954
0.3709841660823446 0.42014745312679963
0.33330833911063223 0.42014301703603035
0.4669810015684817 0.31546676784780253
-0.19207972357709024 0.5920200403278284
-0.10679552656651178 -0.017205814103484537
-0.12221425376799479 0.016334666115694934
0.05712450004104369 -0.09839589698582718
-0.3684548378689711 0.5753722506763249
-0.15610836449921398 0.519805005513334
-0.05597294659363342 0.4562438966937028
-0.05920721655772847 0.4696590245956173
0.3260845327181435 -0.04264485113750614
-0.5429687294497186 0.4593629883563813
-0.618388041489794 0.2872345587277267
0.38479833274776826 0.019802244086647724
-0.15763975119809392 -0.014064687708461369
-0.42940688150751727 0.4807742259172744
-0.07848524015689937 0.03173881957556186
-0.24226929761931293 0.5779260501604281
-0.017684239676491794 0.4386899373596947
0.41941649816403354 -0.014647371373396632
0.04937193715576844 -0.1519057996913195
-0.3409270540447696 0.5143204532939533
-0.035809014731468476 0.44407525752799804
-0.4043595124625219 -0.0727184666605433
-0.6445255596093401 0.2400780906127027
-0.1588524451933018 0.5483877772306388
-0.13142577446860115 -0.03135167150197958
0.07154281803177204 0.4952432531471769
-0.44193829809629703 -0.05268980371496752
0.26347756353600216 -0.09642284206696919
-0.5844768651051954 0.312013912616646
-0.0842645287413211 -0.131544016531523
-0.44609345809120204 -0.06791135692232766
-0.2260695941044699 -0.043712605227332994
-0.6005266589485694 0.22763213763762355
-0.6120219070775715 0.2728766272332139
-0.05667857961017906 0.2967247705718106
0.40235651275909673 0.4229911981660225
-0.06409075316502803 0.34742406244260415
0.30041268484071604 -0.1152819066375624
-0.371079803403098 -0.07428815460920817
-0.26299183645126545 -0.07205741075996211
-0.3815767975108859 -0.04864881899040275
-0.15287217997637423 0.01575705628022926
-0.5612640758221153 0.1124372669123206
-0.0981731188948864 0.5262087641198472
0.030170131989804266 -0.07684531785391546
0.35962798154382064 -0.025160139488340293
0.17795725764286222 0.4839596913813757
0.4403862338679361 0.3634181057891391
-0.20016533065485675 0.010220868112188934
-0.2303199114039044 -0.09413666299774737
-0.5337293355963927 0.022955159274488133
-0.13012873403989886 0.5645373194552946
-0.5842662378491352 0.2124239243601783
0.426468246790994 0.2176473160377795
-0.19041722235821604 -0.09004343695849608
-0.2040339642041813 0.5725159530365169
-0.26742061332514244 0.5417861184185144
0.43200926919089777 0.22552641660334966
-0.4975865476596304 0.46813502894788483
0.4102401709527705 0.3737662128221203
0.4303902039934593 0.34188867844146065
-0.6126345146279724 0.344836970100664
0.4738289121089764 0.17376708534936303
0.04890719139702488 0.5645129998059909
0.29406765902940263 -0.07683622323490491
0.2856711833036229 0.49276079936659595
-0.5179077228938662 0.07153075030925454
-0.037661531100312305 0.5500536460203337
0.2719079447870547 -0.09583376219859398
0.37636464602099673 -0.06945583475154649
-0.5887541026112428 0.381543918311486
-0.3048764320275516 -0.05875774923155575
-0.6248604737479795 0.2696624190590662
-0.06837737441523 0.1296043593137523
-0.5833938154565874 0.10793271162419936
-0.6032295515089461 0.40572636260465395
-0.29487645449614075 -0.07611639755617754
-0.035838650761454004 0.5391347100624441
-0.2743529240297219 -0.10997062795902612
-0.03332905932830121 0.5122808635085684
0.22013100925123183 0.524905028067035
0.3186313400611446 -0.06047872187513576
-0.43402713047697916 -0.10628474613091764
-0.5996154332613717 0.4150050808165194
-0.34705002863534257 -0.11283673930651787
-0.369874342778064 0.4885244450755832
-0.5769650425668172 0.1452779767882341
-0.04238254261484561 0.2835079232971405
-0.14602249339925172 0.5636134240937367
-0.2271573882617948 -0.08091056201612294
-0.3597367313864043 0.5301095350820263
0.3821590630453909 0.3921686931758313
-0.03475111688379684 0.5602876420251772
-0.07697196498963896 0.19216480543910677
-0.49997138546206477 0.4836339303733367
0.20382136297790945 0.5094616420607209
0.42238298358424287 0.4207132903447154
-0.07369803388646858 0.5550269742592097
-0.6380064838831172 0.32535233097246663
-0.3612304089330063 -0.09282977256462441
0.4270122223154567 0.30578442265788425
0.04035030651253047 0.5386656996036409
-0.04738725466981199 0.19883054313977358
-0.5757928570838277 0.292425697400753
-0.09141639445234223 -0.09041468597536038
-0.5302665727779228 1.126553648805384E-4
0.29581118665423484 -0.0958387190334948
-0.5471533457407537 0.056217639037995086
-0.08186828468023198 -0.08999178028841034
-0.599768900345892 0.32052707264118624
-0.3931379789311517 -0.08842107310117077
-0.2747021152467857 -0.04965896325084695
-0.38893220265979345 -0.018545365695617495
-0.2809604861008569 0.5740548065078841
-0.05078716527634299 0.11215378874915245
0.28109735386234547 -0.04600092901002483
-0.11879835397790563 0.562127511703135
-0.5824047508839754 0.17261718298181666
-0.29920559905565103 0.5471797363818733
-0.261738316428788 -0.13519380229164882
0.10744802067550324 0.5437441163458335
-0.6041775844314927 0.3278634365959501
-0.6244701928122117 0.1386600883433537
0.47696589753659435 0.2800656382521947
0.4179668162481425 0.010258974806786607
0.370183299562356 -0.0597977495577599
-0.5759929808834973 0.05252518048834399
0.07522990040107402 -0.11040419389938601
0.43717961619228013 0.30771697523001934
-0.033607465928653824 0.5394469324307128
0.39458597287208835 -0.016119011061220097
-0.04332594041097138 0.3477180684106162
0.0691944125781157 0.532991440137716
-0.05896939919859998 0.4388322125857941
0.3925816614761904 0.40635847063621555
-0.59752159364799 0.21262696136981446
-0.6266780060253414 0.3149009300562352
-0.27876950483611923 -0.09601198514931393
-0.21273565290373048 -0.051159171242391985
0.24164934019053344 -0.0704230931277101
0.45358168671319826 0.38370829648579385
-0.08188786905104584 0.39422055516820836
0.38758011364015243 0.37249124752282864
0.45222964692908685 0.08013649612234948
0.45437081973804216 0.2576194213709897
0.4810354884539811 0.22182030666878783
-0.5289470898118491 0.08241949754212442
-0.0388179600209808 0.07318262021108997
-0.33118850907219266 0.5242838926132609
0.442702528482431 0.23942293942842743
-0.4303836253894894 -0.0784871803513414
0.2223333215910236 0.484332185690436
-0.22197678894192382 0.5414553937310431
0.25632602884967315 -0.12097313806127508
-0.08886003471519492 0.34891402752817235
0.1666523438200907 0.5358052916290782
0.19870093327546368 -0.11610390622739601
0.44550081314313844 0.38245264102847976
-0.07717393955086967 -0.13764158773465737
0.47725016913814633 0.2016141998981423
0.5029045331067447 0.1966398525392366
-0.2116073244885562 -0.1515179954676618
-0.14087068477715756 -0.10458637323044721
0.4328352489795505 0.0634769454564029
0.011221834058061214 0.5478638780288876
0.28706927843800806 -0.060029183622290816
0.3357199421070275 0.5042702843149289
-0.05207001082126434 0.44429653150858817
0.47511881510274995 0.07785736921199429
0.33023546370177237 -0.0884421378057624
-0.3477210696736653 -0.06256131862468219
0.41929114347020324 -0.05490717034267429
-0.3536617374933311 -0.09274786861095966
-0.04669730198140864 -0.11147705365866575
-0.02275803775197043 0.4655188940160982
-0.6343249337564228 0.3345914030401777
-0.029348567801285412 0.324460723328098
-0.5930477484304222 0.17655023827361457
-0.13299994954351538 -0.08953912760889277
-0.5709834728192555 0.3982613543440156
0.3467731728631507 0.4791525118003067
0.08414398231675875 0.5106261589826495
0.24718537353852923 -0.0989153744657661
-0.5940865355235445 0.09545299535496402
-0.13784733568943106 0.5222535367645629
-0.08078925714905666 0.5723785412537755
-0.5854795789287819 0.2707549903867015
-0.310970673514995 -0.09058427771031764
-0.24768392880287743 -0.13661741986409046
-0.21873754062011205 0.5955121066007067
0.4876206163503449 0.3040006273564468
0.41530666734758387 -0.024623117910000096
-0.6372025089137778 0.31049976072381724
-0.31239629963195936 0.5152811250285521
-0.5558847508889161 0.38486624462557084
-0.6049366858133317 0.3165335769938043
0.17578374270252198 0.547178683363617
0.2712442241621606 -0.06316991432572669
0.4528219507974103 0.34422391105189404
-0.5002172862518165 -0.0032485009455075443
-0.0625831081276787 0.36031886258655066
0.039853487481791676 -0.10793930638821166
-0.5665237554945722 0.20614363063125646
-0.06995390891433147 0.4119777061536728
0.4395793060042892 0.11195815177180009
0.0016773925352481455 0.5321150991882931
0.09601313951672542 0.48473526538466805
-0.5014140153816132 0.4498580022404125
0.19526266350434715 0.4864588999980694
-0.046334604120047515 0.47593451306263146
-0.020044318029403218 -0.11404349563473375
0.4335351168069978 0.33547082566839975
-0.5473717221524173 0.40539296646150963
0.40834839391429567 -0.018674474260739468
-0.5879141850269343 0.20706847834791944
-0.5597318969308475 0.39044822595236733
-0.47373228558185976 0.4936063285016408
-0.16780405036889703 -0.1331226016011766
-0.3060774999612336 0.5463782645108298
-0.25321372464042685 0.5530507923903248
-0.10169640062773246 0.04787043849006409
-0.054067869308979465 0.4709217783262045
0.009610870538720444 0.50096941525679
-0.4959555651371805 -0.025336264085099175
0.40349716199410673 0.3442247692422139
-0.08673105692893576 0.2741788657000562
-0.32036594582214284 -0.0863790528111311
0.3622960968258256 0.39368592065282865
0.4881182856142383 0.1249164121806346
-0.07794121048553639 0.08245728326947926
0.3762965010562948 0.40538544608970134
-0.6225593235726298 0.1842256733409885
-0.004681143563779529 0.4840815240702358
-0.06236125986826399 0.42476911674698586
0.11319385006007716 0.5206712857451546
-0.5191745093849829 -0.012269889179266897
0.4201310107093258 0.16965650356011092
-0.014526514808129604 0.5204864799753502
-0.5404534637122609 0.05715243626136176
-0.29801267237025475 0.5739917572687723
-0.05834465102187892 0.0841207542082401
0.4224336156514973 0.1967018826414276
0.48799890674629104 0.16674542604328613
-0.5935872483502989 0.1872308062970929
0.27850992295952076 0.5118909193464717
0.37983817960368355 -0.03290548660663509
-0.5487272579927048 0.006246461304582832
0.4162198704374932 0.24314343660985316
-0.2138207619208621 0.5165088180756678
-0.43658802087860127 -0.020317841248368988
-0.33775295209592876 -0.03965388444031381
0.16405036096411682 -0.14939721979141798
-0.39179996733953165 0.566191685259227
-0.547774614607712 0.04618667619045558
-0.5763853106993144 0.3156341306571082
0.20940913288280455 0.4904329204891939
0.46714723790617235 0.15851060806614933
-0.5761690862073203 0.30036016654710274
-0.43942554450112786 -0.04479372632666298
-0.2644666287346258 0.5266808048352976
0.39280612668693493 -0.04273551357239929
-0.08381354687555964 -0.11349109747659175
0.20305421320008443 0.49625533838398733
0.45027965387028285 0.10308639116418779
0.4004016073047188 0.05368910131431657
-0.30810675967657347 -0.12072042843753233
0.17272709319512652 0.4809027397155907
-0.03684614017933048 0.48566419196867067
-0.265363466512133 -0.11334936293245221
-0.1632227516116572 -0.11846262149489102
0.3012447496147223 -0.0398276671386039
0.2391405114786907 0.538126474474798
-0.38109908889392213 0.4924202957170631
-0.1770941343646941 0.5488679802105987
-0.25699696279460654 -0.10757589072281462
0.3617492646775435 -0.02303374459933726
0.40668637964350807 0.05401136543846538
0.022424047948493165 -0.1531247329056934
-0.09829079827869085 0.04075226217370376
-0.557313545487585 0.3140436035830054
-0.35935789792882095 -0.08711760260905199
-0.19688441792441458 -0.07897559547852628
0.018369297609972173 0.48880979798436147
-0.07288758070713129 0.2964816868323419
-0.5128276797686037 0.4320699318715773
-0.14065420959356667 0.5849612487477664
-0.16760667937776427 0.5279170630353024
0.4348937893978975 0.32991267249005707
0.08433589842247727 -0.09048858593314871
-0.3169782005194849 -0.10797496341995536
-0.3526765105783117 -0.12985578345670565
-0.14372891021917344 0.5416182253921825
-0.6052692806503126 0.31678711349446065
-0.5215845162073843 0.4360612082770077
-0.4884384369617889 0.4756612211961175
-0.1450644854328389 0.058217971395706246
0.2630307618338662 -0.05491793034676789
0.338799017687565 0.4049687101371042
-0.4075960232244186 -0.06864342631932592
-0.26068850906570484 0.5149389584240309
0.34989127608314335 0.42017889249675106
-0.17482305286341765 0.5670144576460225
-0.28797756245879147 0.5415379024187222
-0.5994598052190058 0.35681610702335415
0.4867141441946535 0.131739487445123
-0.3787048106198646 0.5391500385857665
-0.5832478624728326 0.07711014669704734
-0.6400797114714069 0.16976161200421966
0.42927136523625203 0.025685209306890708
0.43456632840943143 0.4117058170807095
0.346170271671175 -0.05968599752492764
-0.13728098524102827 -0.11870007705208688
-0.544247043321362 0.34880722822304816
-0.5837612309845138 0.19158161609077468
-0.11403626212093192 -0.09210177906701442
-0.360680481262366 -0.10310547732979652
-0.09023019989015153 0.22849864794816085
0.4093878961805804 0.35306825831241884
-0.09816957179381708 0.0631612750877529
0.4619522078675673 0.2115264408615866
-0.34546474530379534 -0.10563616722407952
-0.059879375582585034 0.4583866075009944
-0.18270028453569342 -0.030036115763452737
-0.11423104113064539 0.04085564199050111
0.467538609424051 0.03242854870379877
0.08576026930794417 0.5122541269326859
-0.10693842357415652 0.11291741773443921
-0.03657402975362762 -0.07476148248042933
0.47217511150781133 0.30341338865776685
0.350383601196495 0.4696164403359384
0.18916003151889868 0.4974941992686762
-6.896265792291464E-4 0.4197542511780363
0.21067816569852482 -0.06595723951047376
-0.18041748939786467 0.5197796321595083
0.34423536444895264 0.43845095022035707
-0.37692232005049503 -0.0691234538219436
-0.5453573277858637 0.3513090013298167
-0.6039474533859539 0.3168815992148115
-0.5554424421404116 0.08470591552062008
0.39226149988844705 -0.021151569258757375
-0.13123234676472598 0.06066252992593566
-0.35443037255849313 -0.04738604753707079
-0.22678623298550066 0.5336637528989303
-0.272959421951647 -0.07915673028458324
-0.033151986712349715 0.17692133691713735
-0.20089570619807925 -0.007649779503121484
-0.09683767962191288 -0.018726705828572106
0.11013421013148768 0.5536246184867023
-0.0768238472105501 0.051286075946801284
-0.07209308292460377 0.12035099172213393
-0.19638886674957357 0.5758317766670533
0.22791238241735792 -0.1210153208152343
-0.4426258629596153 0.4992110912752012
-0.592289587666604 0.34683583884054664
-0.6360135950693028 0.1770485105697376
-0.6381819779164521 0.3140789433199644
-0.0070669606608851155 -0.1246503240770763
-0.5342606952082337 0.07276845589840301
0.4402945353029092 0.21715111936057704
-0.3778943552228653 -0.09144995674208702
-0.030612262010585787 0.37336424968543885
-0.5400144834502533 0.040528969169686395
-0.03838682119462874 0.31452518946234953
-0.027963233665440724 0.46438003936543076
-0.48489704548258933 0.003401804066114285
-0.17245482212081556 -0.09308771696651907
0.42310943429907977 0.3358566492057567
-0.0032956640030857897 0.5327274184830735
0.018756398260223173 0.49848231216998046
0.2210406446617723 -0.13757277663180636
-0.02695886697580022 0.3033289188950156
0.3999195358125424 -0.03874032472871382
0.4427773642040667 0.19626583400692463
-0.19072249895543905 -0.04565555458691809
-0.012015719961996562 0.4457803656060772
0.43175113627638706 0.30235099741882737
-0.08209916280728047 0.22465302224100422
0.013641163593105717 0.49368530751181455
0.28971266098387843 -0.046481402907218125
-0.4983062315894341 -0.05302242700855989
-0.6253719831435917 0.16510016163849342
-0.048011621462918964 -0.08830785633342184
-0.6479322830054854 0.2490500280173467
0.46138990713747374 0.24454330564542356
-0.24858911715494286 0.5430604314283373
0.06360201176942193 -0.08739375734772446
-0.22320190826933867 0.5536491180822823
-0.006991765516733798 0.4585400724470349
-0.5758657508740141 0.18059793237471752
-0.25784680002134386 0.5234697406297492
-0.08294798634840106 0.15579521649255734
0.36145449285894 -0.031444725513004715
-0.2830461976432172 -0.0947068274032957
-0.03811355070507185 0.48816185701966636
-0.5040280554830243 0.40871262529572905
0.16389377098652802 -0.14598095445907328
0.4074294922147648 0.39206857652873156
0.3287438442702758 0.4353114690219181
-0.07766360666613442 0.283894704746545
-0.5047383303108248 0.43090055550997325
