2
0.3162050629996389 0.4051163001134509
0.17678138038761518 0.4922196886714298
-0.40743797819446503 -0.11378380688575873
0.006913199524175487 0.48776141976979726
-0.1137639164199129 -0.12206373586851442
-0.21924627778174435 -0.16261449200364514
0.0937802925556783 0.5094941841225065
-0.1144038550388683 0.03281533191184735
-0.294586492630708 0.5161240241013926
-0.15972208040704705 0.5334083969757409
-0.5507936693558287 0.09422920439153605
-0.5206272616272655 0.1497902359648028
0.33055054531934086 0.4315160564744618
-0.1510004064182678 0.5360724057225372
0.03363979964834471 0.49102489752834355
-0.21621930870769793 -0.1133245920794955
0.11185692293600558 -0.15549424014979366
-0.18531331667324727 0.5164771055742017
-0.07714451582294127 0.3361406194774863
-0.043774361714083054 0.45628582115335725
0.34301931231356053 -0.010466389764587044
-0.5136269569291044 0.004777864823414954
-0.07909748836568117 0.2855261879011038
-0.5249947947471421 0.011918911699600207
-0.07154742607196965 0.3902736322122423
-0.1914217200149588 -0.06418884064850885
0.3769651127530953 0.13401417941064286
-0.5389297487005017 0.19843828910317096
0.26371501468324177 0.4861214736555985
0.017110115159482953 0.49390932648937846
0.34503230825043374 0.04874748106541726
-0.49708334694435774 0.0037824806761960874
0.22779236029722028 0.4718726445402113
-0.21135882785761984 0.5688933564464108
-0.07750829048752905 0.2497966530228704
0.02159281347177663 -0.09124189138989247
0.12981259197448253 -0.12421653255905843
-0.4774165708353342 0.37210410073167244
-0.057223638448756636 -0.12051378723773155
0.2497123443211704 0.4530257100688227
-0.5189095814103889 0.4075321859961276
0.4220941546360058 0.12372487899632878
-0.08431370202866276 0.11520081054322645
0.2689115267483292 -0.04091057588207169
0.42621585193515027 0.28361002539659563
-0.475329846223914 -0.049438203517685034
-0.36635473673555186 0.5517151502247442
-0.3056128896684342 0.4938589326975215
-0.35247034153868306 0.5233718964651133
0.021722733887779858 0.5202157440858712
-0.5937292151118059 0.21505170222105116
-0.06700819448471956 0.21563001256387102
-0.10756414075801066 0.04769710864423208
-0.5492261649750921 0.3432017662620607
-0.4641004611264515 0.0038514347511058606
-0.5071475592259612 0.05646225394664631
-0.18741198112801385 -0.09271466631974931
-0.3298590368407241 0.5623807036347597
0.32645273626615884 -0.013755266626587664
-0.4857240655736042 0.3925854671174062
-0.09528144029157318 0.325708801435275
-0.045815023568244254 0.5257314710234634
-0.10608505000063777 -0.11310088912531929
-0.02951254921797556 0.5019734590904538
0.34809180555819164 0.4067915113009362
-0.38595302223582756 0.5206765564186258
-0.007932359461532694 -0.12303605252125123
-0.06749633442098628 0.5352518996051098
-0.21341431111356002 0.540023680119937
-0.09903475072713927 -0.10412162188949538
0.22196563996975555 0.4390302804893879
-0.19815173327025074 -0.1263442592691149
-0.3357564860804674 0.5148777978752866
-0.21659288483780018 0.522983454585849
-0.12869563487359642 0.5666422942472985
-0.5254663087365791 0.4424880887267375
-0.22488030787117397 -0.09826159282639575
0.11537357807513635 0.5162046592148565
-0.22636914686361329 -0.116663407728077
0.03642903654256069 0.5604561577753553
-0.4352951236642392 0.45369089905720356
0.331336862096169 0.38189948815906777
-0.039363758375874906 0.22964564687082373
-0.06619082228587236 0.3577046625567508
-0.10550992625117507 0.006301982003459064
0.19001899976860329 0.5200906401915165
-0.2131356991666188 0.5646495685159532
-0.3764655143087604 -0.11833420704871742
-0.49335081825825067 -0.004900607480451337
-0.15205316600885405 0.02185113795587275
-0.05158652599717243 0.1714956867870103
-0.45172270577500123 -0.07000205178140391
-0.09428146017133618 0.13605407001368236
-0.3789081641753309 0.5339729269673176
-0.2944014480439291 0.5271614828237537
-0.26317611428863946 -0.0694408087019832
-0.0981363941422624 0.3496512375074327
-0.4444112927592807 0.482022221822126
-0.29259405121723775 0.5122800799980247
-0.568927384820483 0.09955608157215788
-0.41081963464750954 0.5307742240351127
-0.08680856788536156 0.46142314264124923
-0.15707647087382157 -0.02292138769277699
-0.2900803133551554 0.5040573607188971
-0.12418438954334192 0.044616364716536246
-0.07623067612029634 0.27360392026624586
-0.18491449591968015 0.564398386056951
-0.5442257122409416 -0.01936837506482978
-0.0194939874642417 0.5265153767568669
-0.16089798114452444 -0.07951344368395041
0.2983781519838383 -0.0662947487599314
-0.22802596220750881 0.5479586017063329
-0.46090251846333513 0.4976377951383755
-0.5938321374296877 0.11570182295742579
-0.5220632678674768 0.05762547758401695
-0.031119795846533595 0.49787501008767937
-0.11528624371159917 0.48882843130431647
-0.06263174798738343 0.24819987023069037
-0.06060578087217683 0.21485697213359628
0.3862530831763314 0.34311477506803956
0.326496383833729 0.4216813705848099
-0.48364236443582304 0.45340260639051394
-0.09974797540746769 -0.1596924386708046
-0.34369192710054863 -0.09901029675856933
-0.07576262961822768 0.17231800830610325
-0.5886446737936446 0.08870744387057111
-0.3489017773692455 -0.12499847199240435
-0.12103439007697982 -0.05956939997080781
-0.11022931006005801 0.14280756253927468
-0.08699924557738087 -0.14599705970779836
-0.5979667382978645 0.24467258671455264
-0.048433398526815004 0.11850337259125714
-0.24598706807494106 -0.10569717722783745
-0.22568808986910607 -0.11277146801424616
-0.14715647566982548 -0.029640801601719696
-0.02360407707140799 0.41506360830243494
-0.17228671575926208 0.5481221031257636
0.18945054321060942 -0.12676343173277663
0.10478923701781961 0.49007013721909914
-0.27592660945516456 -0.056050651310798116
-0.085711185515057 0.2961874387647266
-0.5675458975902388 0.04462818143411861
-0.21932140038099324 -0.15230566833574075
-0.520765793795489 0.40936900012865995
0.32791592023149574 0.4470955485370927
-0.2531367290660211 0.5191688213379492
-0.1251488439126579 -0.1662107657664412
0.43359605120624867 0.18025262410995424
-0.5440104077417542 -0.004681157722456533
0.11558866200110098 -0.16348897762502324
-0.5675429129447702 0.13602986564340028
-0.009502434198084112 0.5233003543841285
0.41214869394150144 0.15860856900488518
-0.07924589012500576 -0.13607215244442386
0.364661997843265 -0.028397488737411436
-0.14904017099000547 -0.022718657514696285
0.4176312595855463 0.08260128981279138
-0.2877062597420247 -0.08674274888359301
-0.09353795960465221 0.19301659722713452
-0.5290649846651249 0.35347713460495583
0.42476868408605906 0.2785796969951116
-0.27490115621202676 -0.08072485219301011
-0.04333790115876411 0.262685180030398
-0.430668421156563 0.49335804510704845
0.18028515053599847 -0.14969050186148442
0.3841753172239978 0.19992004697155294
-0.2947498904252734 0.5501889450312756
-0.15002373371289754 -0.14870342197376962
0.001071839680296686 0.528865669116421
-0.31108371585677047 0.5711847127922536
0.058560027184338045 0.5060572283617328
0.3878900256206691 0.13402494547088167
-0.08541203528601443 -0.11295967019406324
-0.5087823854061886 0.40740372353155446
-0.03941194593092045 0.2538390322301393
-0.18888241028912053 0.5629675842249179
-0.4966645065191444 0.023957796723784668
-0.4722337861594253 0.45443333577475387
0.3896111553109468 -0.005136035241245054
-0.07614114064357598 0.39385750182333673
-0.10870471163599045 0.09924301817859828
0.05441234403040274 0.548841870990629
-0.3571460349369689 0.5174074625259203
-0.4518620446090381 -0.03982245323022009
-0.4102011001997004 -0.06883556448789174
-0.5365688308386655 0.21070471761554035
-0.2649736911518754 -0.10935667839389869
0.30971254434632894 0.4362872315806797
-0.10229065160485921 0.22460144037513363
-0.39731496839620256 0.46092808663229157
-0.01422438834320417 -0.09287739050958843
-0.41396133645096855 0.5059363769856272
0.01599588456793659 -0.1341969544174295
0.11921688248451233 -0.11379000728940108
0.06979958165494243 0.5322283981647206
0.32653144503432524 -0.027771976598447167
-0.08685495797042374 0.3483751417145869
-0.5013633356068263 -0.050881423189860206
0.33154497593442744 0.03512015973285145
-0.12523359173751847 0.0626420170575678
-0.4846463749593353 0.43875856838802085
-0.5441936734292969 0.32066055303276814
-0.039255660806437616 0.5264336223800395
0.041982780809790184 0.5508002396376303
-0.3992349998142701 0.539639253826002
-0.06488114282390105 0.4814592281530757
0.44218134804207393 0.1501080355246403
0.3912796276418506 0.1652450180862065
0.36013831929213724 0.3362649074997423
-0.039897745659208304 0.26192918624707906
0.43302651587451085 0.24350636400396136
0.24557068208626143 0.4779468556308668
-0.5127189461959645 0.36019674187046413
-0.06783920295631977 0.05495642946574587
-0.3928179334112113 0.5114751157981304
-0.4903152726399741 0.008223155057582403
0.2046618169005681 0.5175996281937209
-0.21634024219933082 -0.10676461042081124
-0.10501576713984642 0.019492384885944982
-0.3020347813062161 0.5179025995944397
-0.04381380978695082 0.5014364035956954
0.30459951147894476 0.44424422653202744
-0.5383333656921816 0.26524220889562977
-0.059997943208083486 0.4275769808424364
-0.04650343252949635 0.42554862492494067
-0.3618561984937068 -0.09447581299184264
-0.47747716609866275 -0.09983640358210626
0.20872030793847596 -0.10835633519216818
0.3976810347898144 0.3102434070102878
-0.5184016398104778 0.31146709563851566
-0.5699467497916831 0.2994203645151335
0.2402882162862583 0.4782239448167472
0.4149463283742379 0.08699754394244735
-0.5205867600599539 0.09687436051289788
-0.5414589769553498 0.03032321949561132
0.19752371724966034 -0.08105436118989379
-0.06070773096781257 0.19423578629327154
-0.48659468452072285 0.42879761884099904
0.3944735086444992 -0.014491684091568875
-0.5723254257926329 0.29966868524210355
-0.5358133468477795 0.2535067194269276
-0.46400042165538974 -0.010061305190410697
-0.16965611975131567 0.5148034408073754
-0.22504425276842388 -0.12015611759944912
-0.20131960104521796 -0.16089964874458815
-0.04179740622954 0.26417497061670814
0.3779643208124692 0.15869413915722105
0.3047152457648677 -0.10467293301885643
0.24132258891961403 -0.0657735827667553
0.045248692167527714 0.5575855324176618
-0.12450153703885898 -0.1433626495483181
-0.5837668634563525 0.1837906455830219
-0.4523657827498753 0.42996810843135064
0.21939918753897947 0.49335016497110823
0.09664277992028872 -0.1415070899721106
0.13493773504755988 0.5433816190109948
-0.19955570862588293 -0.037324215411570286
-0.32543958046742155 -0.12392245735645947
0.020754369927484504 0.5470535936159788
-0.4610852473045298 0.5073031998292927
-0.3329172407650401 0.5146026224210732
-0.1687821055771398 -0.08950931660871012
-0.21743028357742078 -0.12261454918147706
0.26565615956699673 0.4662125944545672
0.4299279665048761 0.2647423240419573
-0.01733911441481098 0.5576236735743534
-0.11384829161600521 0.5111088354044384
-0.5469543420116171 0.33673058167492276
-0.392877924465802 0.4986747681404836
-0.18873831053219797 0.5754303935991799
-0.4601590076893782 -0.06914336762895232
-0.2730597257510193 0.5412822833782478
-0.5716038109976053 0.254425279463815
-0.15999082605683687 -0.09002645799030252
-0.17939451664179434 -0.10472684626469894
-0.0936172689349714 0.03526654235071438
-0.1264457211241116 0.07256396988711647
-0.5737556113911954 0.3214840542347567
-0.3560544112735735 -0.07860170676114042
-0.13019980755230923 0.048850176008257334
-0.04508166081827938 0.4263464184329808
0.29493984779399246 0.45655685300773124
0.09608883098224434 0.5057834488408491
0.4048451303886475 0.3858363189523693
0.049936218372913004 0.5016260352342085
0.31790378206423003 0.360245656827287
-0.40807041505860475 -0.07512474826217215
-0.005853298132406242 0.5110632590006041
-0.12380146011049854 0.053218282242290416
-0.027023723966929463 0.4698371530233439
-0.11162918215925155 -0.09092001136328538
-0.2408338946246236 -0.06934848726753311
-0.25503146463390625 -0.10229898390309757
-0.18971782108843713 -0.07104344618708297
0.38173837470230637 0.08015283290228448
-0.11874625850283527 0.022799015718981838
0.22099850870355928 -0.06770664876971239
-0.5690837212191792 0.22971582860948633
0.053097864502336355 0.544807859440525
-0.2671105665701661 -0.06927269236561452
-0.2341108536727696 -0.13453212027806652
-0.252940766355939 -0.14480401973740317
0.3332762285402354 0.39538434199127853
-0.20371707932423788 -0.03619455393772228
-0.20045730241765283 0.5606509049317815
0.09145834809966269 0.53132228841935
1.745282948267383E-4 0.5043650738247671
0.37102034491322267 0.01115633265786092
-0.5239647579072629 0.0064194089060542105
-0.511544722222292 0.4294798901389886
-0.07877776852438975 0.29685692581404205
-0.3760699997798861 0.5341823403582956
0.329819802560487 0.03167833387665022
-0.33169666557699967 0.5523596116875976
-0.21643396381436852 -0.1528541953427335
-0.033859148220545685 0.44710009454038263
0.14890447896103828 -0.13093588021751373
-0.4852765841005376 -0.07781260182318779
-0.18285831701584102 0.5087942802178612
-0.5322468000320464 0.15108143198430704
-0.3064719651049148 -0.12239632181755837
-0.5641668450562414 0.07267493115725529
-0.015521689101018789 0.4891271495005507
0.03296603154781982 -0.1387077560131915
-0.08145383335928046 0.5531286233103521
0.234081907169295 0.4637340846430228
0.049265330061742434 -0.1549854077676495
-0.5587567342962224 0.37366968620365887
0.3319115329603346 0.42876951352684917
-0.23503190830369106 -0.0954428560088193
-0.03996214680826768 0.2209478975279048
-0.5035155060498189 0.4330146323546063
-0.2830535548478817 0.5147005391011905
-0.5695615632029077 0.1594114335821743
-0.38085781370138655 -0.10082444985426472
-0.5338048383130904 0.0725666788662098
-0.49076466328169005 -0.010495079469932875
-0.5956957575909935 0.1547645724571465
0.36042725756790467 0.1117943592390617
-0.19034039262264002 0.5210070694464348
-0.046761775995620765 0.3950854007560285
0.2270911386699504 0.5028116909848054
-0.26812834334352686 -0.08049519061374308
-0.25189204697674955 0.49913365020722467
-0.5275203619823273 -0.023714327586621568
-0.21353397666813 0.5084518190700773
-0.5850679628020599 0.10124175410596138
-0.005831966000720286 -0.16472825509459427
0.4137332568918911 0.08865098785074697
-0.5532420418711049 0.2342573905115781
-0.09587931453139181 -0.13358563241515525
0.3891728030846637 0.3458251880133798
-0.16666596729991037 0.023039411112476954
-0.46622473213070664 -0.09566821192238062
0.22818787796938883 0.42703286136732693
-0.49818119444655007 0.3985665739618825
-0.5407262397661754 0.36409918233841476
0.3791192303508308 0.14982150049855553
-0.5617016518283615 0.23723063149279047
-0.30309106053189355 -0.09535220359665421
0.3160725206728129 -0.10238078266384244
0.06483851607042596 -0.13375788016477336
0.3554173226968817 -0.024057570276625407
-0.028203827893177998 0.41421506378709116
-0.5394323590764948 -0.047227865396529484
-0.398774953429051 0.5190241257903458
-0.541239738357397 0.01810526785756148
-0.10599247574655692 -0.026730359070654876
0.2523899594381241 -0.0840309432600941
-0.5355126495904136 0.10878530044943678
-0.03705500016983535 0.46404241738946816
-0.47029722019428666 -0.08397301334145027
-0.12366196913792427 0.0400995017404487
-0.5863810205504953 0.3217917050879849
-0.16325145350585266 -9.947291666522536E-4
0.44244328763999097 0.26415904281667535
0.28178073027661243 0.41633783545042025
-0.5563266128103751 0.08387842633653066
-0.5688862323465949 0.22851650051803613
-0.0614535782844168 0.511957454329947
-0.06671541652325365 0.5354601869861703
-0.030803628905398645 -0.12556870032122067
-0.35172692128368416 -0.06315263651437343
-0.05091948068406452 0.21129602732787703
-0.46979302503862774 -0.10160114128692935
-0.31991389697929584 -0.07245149258244832
0.35422416638940696 0.07567230755584281
0.34598024054369775 0.002298659321378788
-0.2623128080756939 -0.14510129336536656
-0.5440178960997292 0.25687257407194974
-0.106693577387083 0.11767516410370035
0.440833299613289 0.1981678491656761
-0.06269616057825222 0.2512981180211447
-0.13223822948855948 -0.16119071078224048
-0.4903804079572149 0.40896645999820863
-0.02039372275066853 0.31903190670401527
0.12264958231754937 -0.09969706882518495
0.38251274859253764 0.232596771431274
-0.1711684948006922 0.5512775551753033
0.01827318738659888 0.47992607921800245
0.36320242239674183 0.02715485909408907
-0.22854830433661097 -0.1283778253186358
-0.17779376321787985 0.5566908764863914
-0.590347707857567 0.14880086069031126
-0.5341865204509275 0.41448332139268323
-0.10132537025670482 0.5585052390042049
-0.4342189149117026 0.44748002341674037
-0.2525890512750029 0.5017495691180769
-0.3664488291096276 -0.0709621631837363
-0.5409819844162328 0.24344385476249925
-0.03846979961808055 0.2648020942060878
-0.3041682903654359 -0.08553307493662032
-0.20679258333289424 -0.10590624496699472
0.1623493952675032 0.47114681326836205
0.44074144351284306 0.1691740772419672
0.1535455552325548 0.4612908499831891
-0.08785021080731288 0.07827407574348096
-0.44404140213721555 0.4930299244513855
-0.007299165711787623 0.4795420614288591
-0.590636716985885 0.19270774446569675
-0.5409390841989561 0.1848340517237396
-0.15361468764776343 -0.09177668043173184
-0.06587401696958674 0.5063165218608239
0.00524031281962948 0.4855836008582121
-0.5552236196939075 0.25178019094994436
0.37032928098313483 0.05933042476733306
-0.5267172815175653 0.08366549904276345
-0.09470629962504025 -0.1223802922930281
-0.02775188654601891 -0.10745903101975102
-0.4287541565736311 0.4834591247561132
-0.019308832854377064 0.5076303408421136
0.13398607290707085 -0.08471122014050006
-0.23471144865526924 -0.14739359064055918
-0.5361683182197439 0.21914655074551226
-0.4242213469977556 0.4925889124651153
-0.568900320979099 0.29278543452341654
-0.035808467296236206 -0.13039223232110222
-0.1071462573750091 0.19542068103988944
-0.06423282148116546 0.09923897488672613
-0.050721964352929944 0.35499035148828617
-0.4907541073723825 -6.166232433973088E-4
-0.034331861691925 0.5337178508156558
0.43949273779028997 0.1526097490678067
-0.10495387049369072 0.08010049070478203
0.4105567660109242 0.2786724562550138
-0.1840177680547216 -0.09329466152605202
-0.4152576496603675 0.4952990979854035
-0.29700059009324503 -0.0825817714346175
-0.14219880048150477 -0.05713813855934518
-0.353401328517717 0.5669091321434729
-0.18693739011465907 0.5158440680335508
0.35861028673245415 0.3361536072391861
0.4099021076127464 0.01134814348546456
-0.055621858758041376 0.43241867838132153
-0.5258262011757179 0.2881969808911831
-0.24216152250789785 -0.048023984115554676
0.038774527680063405 -0.1430978731267741
-0.22853179388953454 -0.10983361694734109
-0.5368834508879784 0.20569788009397721
-0.43188499188130036 -0.07387864085863403
-0.5600527978880424 0.31560229129953987
-0.07703139707594744 0.4526929989652937
-0.18960339064084575 -0.1582930879535286
-0.5280343794239493 0.1904511709312005
-0.20734253989123394 -0.07289692751411489
0.22263894896140432 -0.11475569921107422
-0.5546554718867394 0.015853899000348216
-0.22511882461638796 -0.1390284570176421
-0.08704189172945519 0.48122493372184977
-0.521663838713344 0.029832867720054043
0.07233734565402775 -0.1636566090376226
-0.13696977891859793 0.05528517683735629
-0.5912050204720718 0.3527612402608587
-0.32907053384875334 -0.07512531578924647
0.44843893092021403 0.23492216757148138
-0.41929093151553265 0.4762695501910354
0.10924617857140409 0.5286593442719872
-0.44551944040595703 -0.05349297819921996
-0.563929085867571 0.15197227742305044
0.3020373187277871 0.46828135098805795
0.3878256994378281 0.340349827849656
-0.3785046108361739 -0.09262167500734601
-0.5244726613178877 0.16806962170622786
-0.03700139334887505 0.4267153302096989
-0.2747218656890099 0.5123018914210271
-0.03161459871440968 0.5472392156352196
0.33949319537520106 0.05524591193925839
-0.10816940987856451 0.1534611997793766
-0.572705523806622 0.25254107646734447
-0.15374672746450604 -0.07961035859639462
-0.03478022720341661 0.53944374732791
0.3146517124128036 0.396371884268195
-0.5862719106336636 0.17521119198073185
-0.11592538801693063 0.0779506296495695
-0.08368482682390209 0.15859405562796744
-0.19425845136445435 -0.08971973055167874
-0.5051484845607477 0.009295554226665104
-0.35471745816502354 0.5380299986071553
-0.22144053616602907 -0.09496127736477206
0.3313999902550347 0.4003795474210124
-0.10636444024694053 0.4880000102912744
0.3513435833430384 8.064350445505397E-4
-0.12058238824741598 0.05000236699908707
-0.3472018040106993 -0.12408554747847897
-0.06904802521596688 0.5600417050123696
0.030473711080289453 0.49503233572002736
0.432332880384522 0.11148585052989915
0.37003431348483673 0.41645035591779267
0.399666871954683 0.08385000625365176
-0.4171501223750107 -0.1225475549359993
-0.052227983983191846 0.39864354810982083
-0.1199469927322402 0.04449430127915415
0.3604701903234951 0.3284691283015012
-0.09114217252943983 -0.15618032638962992
-0.023305275051041765 0.41875002865973443
0.3118461993389095 -0.01639658385309417
0.19031069677918386 0.5174227421988158
-0.30258489784705983 -0.12043885149295022
-0.22136638118549107 0.5439262587090071
-0.5532431634033731 0.1603316740203336
-0.10985746924275455 0.5306257043068802
-0.3961146941890155 -0.0669598521131284
-0.4307696781176484 0.5405473747916517
0.1297575330061636 0.5014355380740343
0.24233842587499207 0.4746071019311103
0.4415561267589108 0.20143970458729163
-0.16245458071244306 -0.13197311200894452
-0.5873947161906693 0.2146829588911074
-0.29374701502202244 0.502841980799861
-0.10957756174583702 0.12856112057078425
0.38507777179937347 0.28546576675008206
-0.4448847736184007 0.4690547787911355
-0.4869731926983658 0.39587651641600197
-0.5512360818100052 0.10528585100169721
-0.56714093964951 0.3311359833970239
-0.08021591241044215 0.3514264729273285
-0.058857811065518795 0.20183959706835225
-0.49326623404956726 0.427091689640208
-0.16643438846316655 -0.002396581018558095
-0.3157060002260348 -0.121362217076444
0.08914021712421989 -0.11147054888194229
-0.12978513710089884 0.4788443185929638
-0.5076884671952745 0.3978177426519677
0.06270679369241501 0.5128649893392889
-0.1320460377425902 0.5552138696319103
0.024218577741343856 -0.12489715669673937
0.009321704178717785 0.49137391605885816
0.13941721751430008 -0.14226144752785047
-0.02083002836978911 0.5022532577248979
0.3780994760269044 -0.02228363321146446
-0.556636484188333 0.30871436040464517
-0.1664954321207468 -0.023969007446975752
-0.5461332548788171 0.21298060317886286
-0.11016360153121431 0.5015478587478684
-0.3366909110735793 -0.08570719033422393
0.10500566774471129 0.5503095880966459
0.3261614122018636 -0.08838182823328661
-0.4497465866805568 0.5004083783300796
-0.11682831983034286 0.11766032902328921
0.37882806324806323 0.3057055898207931
0.14955733730171308 0.48004395092067276
-0.023010272312257787 0.5120522325821175
-0.08992213582525077 0.24406089770427153
0.40653082501739674 0.18889631870080023
-0.45737385056278596 0.4249415321691609
-0.3977243578101681 -0.07996123007106784
0.44156739663416733 0.1567717940324773
-0.5156454258907506 -0.0704712968699774
-0.5798556645087276 0.2319420377313595
0.4314655561592048 0.12140906549124585
-0.18164452024602876 -0.10124073587298066
-0.19565079954217518 -0.06370089975316186
-0.08012980082611856 0.3814623531046016
-0.0625146204504235 0.4357891703998138
0.41458089020073374 0.06457607305803587
0.3042270285409667 -2.552181742976245E-4
-0.0363080051497072 0.5420605017378738
-0.5467960660502658 0.10371584816218103
-0.16706882349749597 0.5314712186278366
0.40732761854867744 0.35749707062508257
-0.05176458126058473 0.11459968048545477
0.20923599278099497 0.49301913097979083
-0.40311676397609747 -0.08858689767273215
0.19015139193686592 0.528628349314806
0.3741885706943833 -0.0023293130234206196
-0.5645048992496048 0.1919885865237479
-0.23337634757079778 0.5198128659343778
0.3213027136860006 0.42179475912328607
-0.047748386432309456 0.20490149474103872
-0.2323958960055979 0.5434636446466541
0.045685277007241516 -0.1478260773041516
-0.2442876323653559 -0.09953306661333253
-0.4799201119727773 -0.0053507172495113765
0.36404012201263264 0.11158918789730099
-0.47804568626961735 -0.039979218482597126
0.30835115533524304 -0.025680898921905282
-0.04780325948935456 0.46879093238470376
0.1099721342988721 -0.1439006022611045
-0.06386749881003936 0.33560797359485006
0.4189673033759861 0.07547904609856043
0.183605510145368 0.4865695010918883
-0.33752344668943884 -0.11569792719618079
0.3596485524353153 0.027745198198325625
-0.12298613796810627 0.5451610926909066
-0.10893742760307058 0.5017166159523081
-0.12414416885962984 0.04509904497173295
0.0024016175604032242 0.5419309580138667
-0.25612181838516546 -0.16978857616086335
-0.1496484020860362 0.546353892116898
0.21513740923969407 0.4757292592840891
-0.06807926579280812 -0.16646950171924346
-0.008882578679857527 -0.13637696049931758
0.140089916212544 -0.11318617057141903
0.04382836553320165 -0.096207236136183
-0.10379541834525469 0.0796317377947497
-0.5780250586541597 0.12812651381379264
-0.5207321746485424 0.4745122598837142
-0.0880217316194745 -0.14882680019422234
-0.2540013341813031 0.5634647695101723
-0.5809973841569719 0.2941989997360348
-0.09646257953212171 0.5160166751142754
-0.10744078923211532 0.016056352971153275
-0.05476090862868262 0.2348766610789146
0.32981002126668596 0.04325778380468004
-0.5191042303740621 0.39048808020944603
-0.4252258580241051 0.4410099801287951
-0.5424900944656218 0.3246468731155805
-0.22753004761732096 -0.10991730490779295
-0.4691519427034732 -0.06027203791083025
-0.59784729897613 0.2990451777507697
-0.3650420146941708 -0.13392353538679155
0.3185973353141111 -0.0010228705415990665
0.16238949492363303 0.5161368886452349
0.3911876250063157 0.07238880265502663
-0.019147665419963954 0.38428610749918185
-0.5744145955751793 0.1958304920179137
-0.08145600916981759 0.18698694546001415
0.44613783901792925 0.12369319306040268
0.02119657955995706 0.48868082749542074
-0.2334043830465392 -0.09024800865564032
-0.2045909438306315 -0.10380660611300811
0.33414324656292343 0.4099270458225469
-0.5354952907627155 0.29041625847445723
-0.08901035753790837 0.23330705256128823
-0.4949860894347078 -0.022758321654764206
-0.28803908780463 -0.1414369940463024
0.02203036725711229 0.5110990256998493
-0.32770402422024003 -0.08373021497602716
-0.11953233248432867 -0.03024924808528567
-0.48855709059065533 0.4839034806655973
-0.48660041371264307 0.44470581049973607
-0.09447941108030364 0.48087460174823254
-0.03447646556392783 0.3806660715711077
-0.4080008610187145 -0.1248670914076367
0.024735444463246572 0.535145122753489
-0.25269304957625377 0.5568072358846152
0.07547991272494509 0.539275459436403
0.40139063605874675 0.27361894293013816
-0.07201896529311322 0.4603460595162525
-0.04887408791903037 0.25828674325486445
-0.5943866229266274 0.15979512384636071
-0.15871974157857313 -0.15489317555432497
-0.30210924348241197 -0.06642719425977968
-0.4646697647249203 0.4435555720756408
-0.2662416002851579 0.5628479294806614
-0.19563845211061145 -0.05723964032244946
-0.19959716950837078 -0.1061677331639504
-0.5987913477976635 0.09224775855060727
0.17521448610134788 0.5144184068349517
-0.5544070666089961 0.3061664265859275
0.35282786242538106 -0.06356838018514263
-0.14221298135568777 0.5684458345879043
0.4308729322393655 0.13115224062072892
-0.5355833912890676 0.22610411468029581
-0.027510432000048393 0.20861960276019867
-0.17661743995324997 -0.04323500150472929
-0.26002045265492524 0.5175052424378163
0.3611728987065692 -0.05158195525339844
-0.020532690545123654 0.4404763988019588
-0.4891785263676278 0.33218525719324266
0.08395290264419392 0.4932384566282417
-0.06410196615131175 0.36606131882965626
0.38758305943018606 0.26780232849163915
0.36378038138239865 0.3749219735795081
0.26049343549172155 -0.12089831163170894
0.18798303964705837 -0.0970463769437498
-0.054252676337893414 -0.10163836052667363
0.3625746223710642 -0.04395103775317371
-0.10215299214980121 0.3009142898396289
-0.35589304361642393 -0.11659906428912716
0.3525630908253743 0.35213131263672237
0.345558296468652 0.09453307332857964
-0.2758060798026428 -0.12236057331453044
-0.5438943276178289 0.32311167161850346
-0.2693161008275287 -0.10648072680923008
0.4071218368284743 0.021804597323437824
0.22005430783141644 0.44078957395130525
-0.0533351369768288 0.20565338009898398
0.35049825880016083 0.015518324030063013
0.1650730969314111 -0.11069247956207619
-0.5543333927135914 0.33059666826576983
-0.26773477763084286 0.5315241498310925
-0.24139867037783347 -0.1342150773289008
0.2456338318444828 -0.07235248127816021
0.3705073774025372 0.21549695577002959
0.03966041545600622 -0.10413616873505968
0.18188263857207632 -0.12732446266018693
0.12337531463776581 -0.12701649680101734
-0.014855179310311353 0.5222844918970875
-0.21233378160624 -0.1047981242410873
-0.14709441511669458 0.015337767330993112
-0.06717892905628409 0.30385743730078163
-0.12687837291759024 0.09811225611255016
-0.5831501618061945 0.22353123018420226
-0.1300860192059461 0.4927053617172773
-0.22183845270737768 -0.08360658792139702
0.24921186107395593 -0.1243012510186198
-0.03416851080256417 0.1500777507929314
0.10193960814073023 0.481685764805677
-0.5024451869599811 -0.07894584434656887
0.34352482689054115 -0.023702071371761804
-0.11898752428469038 -0.09126445605780892
-0.12056414742556096 0.07495567885084332
-0.07783747316210925 -0.16007885674221123
-0.051463678647221324 0.22121094570035857
0.10995878824378584 0.5355937129630135
-0.013040427312176348 -0.12973862989537244
-0.10927531481047632 -0.14357002062867139
-0.24178576216975253 -0.09147359309813832
-0.432603615411397 0.5129558964634461
-0.1466672110950689 -0.007377709672565894
-0.42522316230260865 0.5329790262695376
0.3749712277441173 0.10737156758434424
0.24348075281365103 -0.05424928006677703
-0.1468954863276454 0.5550261325164072
0.34422601509432943 0.012503099933962668
-0.12544456230961448 -0.16275992102908807
-0.44997779292035567 -0.04741778843208919
-0.08566583217421074 0.2387469747474583
-0.5387398251636107 -0.01870128776781731
-0.13881895961317356 0.491599249025745
-0.01832025175632225 -0.15445900714103572
0.30839838843994355 -0.028683989942516065
0.3624701548857221 0.04543618187792333
0.021870201836716206 0.5363046951366787
-0.07421978137817159 0.4602895639882353
-0.3989841163797961 0.4617596354434128
-0.3287199581507794 -0.06800311354661157
0.16346060868512646 -0.15897074049309254
-0.12362416254798025 0.08084850556499323
-0.5733430422664388 0.17565910435548024
-0.21468896949017544 -0.060868862304265005
-0.0853058170217302 0.022612953791418134
0.15875544059008329 -0.09805540365745155
0.34095554440568265 0.04021292620959419
-0.010520885760103434 0.5055434733719146
-0.20075656431193833 -0.07037194454435602
-0.4967938999376499 -0.09092971582212063
-0.5989947726893567 0.14513097357299937
0.0421144573635587 0.513810979229998
0.04345179714589657 0.4975283715674177
-0.5486176157493021 0.1458798674676613
-0.5485030816827865 0.10885784893159155
-0.5618094979366369 0.04292657378646501
-0.05836997983063914 0.1568473415585195
0.005180186205655559 0.5268777996150223
0.3255445107655485 0.004645933286449994
0.3975301523519143 0.31363306669245
-0.47803763846326547 0.4763595736056293
-0.27013568701578633 -0.15612788358348742
0.21941270350542955 0.5107087024515545
-0.5933852005872007 0.16547505930361903
0.27743364251147057 0.49559108629330184
-0.16630297484090667 -0.08929558837733642
-0.46645851063759525 0.39641612923537206
0.08035963788431862 -0.14295535778906981
-0.30797511288439094 -0.1067782795838923
-0.1412080475908897 0.04232701330703283
0.40492133186425633 0.0989125401201674
-0.5250645123669188 0.1606331353555609
0.11940767714517714 -0.14356441707000728
0.14904089792148986 0.5447114273233877
-0.5119882941597584 0.42497679123580456
-0.36558671296584017 0.48609163507964087
-0.3271710844845841 -0.12219143904964218
-0.4659368493628953 0.4946730324708572
-0.4569864435506017 -0.10526180492349396
-0.48731739852334355 -0.0371855610698816
-0.5025148522542732 0.4375426668076312
-0.5834582253625687 0.2901520892715057
0.12473650672244503 -0.12299051119478122
-0.4289169321059729 0.4933916237530466
-0.1495611850757434 0.5564318438798664
-0.3826282254062505 0.49513369134367186
-0.4841221273348227 -0.03616665272376698
-0.5885121411581097 0.3076299593912047
0.20469459862363312 -0.10112713643324298
-0.23124851648275818 -0.13411393967700974
-0.5347474713123643 0.324361782270513
-0.0924757891054253 0.29798195231379215
