2
-0.4205334015057398 0.47558065671236144
0.5218813019348469 -0.2604086854771428
-0.26991594630891863 0.051091568939116504
-0.6633041198723788 0.1651353579949527
-0.6767770035497599 0.2855648482527908
0.21762806390450104 0.31047445204551766
-0.4980031776604495 -0.16637303709887077
0.5972994548729751 0.2239518581575275
-0.48136580793912337 0.5012517823606961
-0.4986321587945551 -0.12478501176748939
-0.3659386001776298 0.42354965098191144
0.23165110222083002 0.34317723860794463
0.184879321376013 -0.12767285947327386
0.5169800487090511 0.25855413899632196
0.4816753400065854 0.35063488871614285
0.6601854906555277 -0.11078342103058995
0.34458420950531454 0.3952516015338117
-0.6201017414491452 0.031192407876641633
0.5081445464353567 0.27434418051213355
0.4199170703901208 0.40189083935935305
-0.5600718406430325 0.426836539917444
0.45514058734148155 0.3419457765802236
-0.36239059689230324 -0.0928205204141193
0.5112356824665343 0.3372419194308031
0.6153755200291015 -0.04063199248835758
-0.39266771459871563 0.4239792772988578
-0.2845358359653798 -0.0982453130257729
0.522177540654839 0.251836009122811
-0.5514189453987409 0.4226058325281562
-0.4433305633334795 -0.17862825459140633
0.618419217756346 0.12634980026869755
-0.54008365790998 0.4454163462853279
-0.6322859804408825 0.2765751887239085
0.6045675222439577 -0.04786797377435524
0.6177912907101023 -0.08201940381475178
-0.41416288641120946 -0.12778323370565128
-0.23287897842657893 0.1448459572396456
0.40367942256938627 -0.2799923506285158
-0.6303119247223334 0.09180515846693198
-0.5000142475143033 -0.1372714784593226
0.22390200766738683 -0.08570596279440887
0.3723873326354271 0.39666851781241547
0.37448099439445837 -0.2590022055006134
-0.22373662161027597 0.10388152281752829
-0.29772609805771555 0.31749178036512554
-0.3095611909552118 0.3014438340218992
0.6553328472512823 -0.1012823359409028
0.2114566226769108 0.279790542316001
0.6238756475630943 -0.12211815467483575
0.1734420825994751 0.02107373439974121
-0.5151007269327185 -0.14984968569810916
0.6290628060646188 0.09409393790790167
0.40042692296552956 0.3924167955879588
0.30279324496708604 0.3202410994585497
0.16065439045525712 -0.08886126853976975
0.21621599661475122 0.03847685236563943
0.6137237543451569 0.04806224101851134
-0.28572222738345215 0.2049738879485987
-0.49073184021316685 -0.12268686399835606
-0.5678205848896213 -0.08644382780144345
-0.6864956511680127 0.19413100962065008
0.636404626395262 -0.06797927124116636
0.2457527225762567 -0.19279120925129803
0.20317497474911742 0.3045772842432847
0.22624780505432493 0.28850627419810715
0.33515948527438394 0.41800236654364314
-0.6263027873773652 0.14796198838070931
-0.37589467969658796 -0.12800034898152945
0.6141434824124266 -0.1775770260926322
-0.6480290437672059 0.3091955622488854
0.21549188449903586 -0.12053714659231218
-0.5536793491902913 0.39269598063181244
0.4232897297991455 -0.2677243923252009
0.20293701980588555 -0.0704523444438424
0.2393363048363733 0.3523194540725647
-0.6813411571523831 0.23449175991182528
-0.2730191103073873 0.08457354061969946
-0.630242067345053 0.3609489419611241
0.6396993866723538 -0.13001552484730192
0.5498760222954123 0.22179465194021597
-0.5496126343019897 0.4783387532014491
-0.3369665493301005 0.2825733183520568
0.2197512740421746 0.302579971534855
0.2642859523312188 0.4264402719910497
-0.3263079260838295 0.34126896807191526
0.20993967214367842 -0.10476507614630577
0.35145178415731115 0.4426607697648305
-0.2843931126585203 0.2056119280061167
-0.2915158205222528 0.12853793973570457
-0.4791959943846605 -0.14113320103758042
-0.2618760019199186 0.17138300862340922
-0.6766592508348197 0.13444389980854643
-0.37307214342244827 0.339507628543577
0.24274592609379225 0.33973987263472033
-0.6678686917215833 0.29395772839217554
0.24148150198501545 -0.15864275575852824
0.42158642599642254 0.31788423547810357
0.20001267139715745 0.19890717692629684
-0.6466215492541425 0.3758703293622779
-0.3156992848872028 -0.07402920817103716
0.22579065566061976 0.03496127758998
-0.3700867566033316 0.37124555372385903
0.17610507402722836 -0.12386489656158423
-0.5782779590786314 0.35924437760767564
-0.6565722964049973 0.26355852257953793
0.5670072242529595 0.1487086162341715
0.5518343032483101 0.24082999898189267
0.214039140156594 0.29001338170900537
-0.28033941072401214 0.14875179642346797
-0.2702292578829081 -0.054666182053266725
-0.6379548699398591 0.3459868197667883
-0.37421308491142297 0.384596380634858
-0.6329659245918102 0.14382925891851622
0.6100067978492274 -0.03150369288887058
-0.33817702164032276 0.330263001012212
0.5881104489659623 0.2400346885415192
-0.6753187140263189 0.1594377066091435
0.2657912902831235 -0.21246035660240636
-0.33459242998643407 0.21469281603249668
-0.3186769692284707 0.33342037027637067
-0.3214169646496299 -0.11273537477863328
0.17374932080763833 0.24057164318899824
0.38620103100746217 0.4158751394426296
-0.31549585194410706 0.41302120564655015
0.621381961160665 0.14683803222027167
-0.6673945825002607 -0.037107349445110266
0.27075558711156267 0.3168682981190752
-0.6563729669919964 0.251517279844515
0.4477828466964727 0.37511668156511424
0.213912953284252 0.12289009636877249
-0.6681375629886149 0.003496775715403639
0.43048980281424387 -0.232375896382768
-0.6205876669773732 -0.03984552898260707
0.6443087580270636 0.14995386067302888
-0.2232219578719374 0.07606296111994026
0.4149879482171773 -0.26697502568173753
-0.27883449844952546 -0.004411546927250167
-0.38010780512491066 0.4507085486863889
-0.3304819849472624 0.36759970235726597
-0.5103245697080832 0.5068705686336883
0.19620026885024383 0.32868612825986143
0.637393700856352 0.12128778559533089
0.3443551274939121 -0.2802038387802482
0.1847835965781593 0.2567932271025934
0.19551985706102434 0.26452821750172567
-0.617990570435666 0.12115884515153387
-0.4754897989349585 -0.13341958623476236
-0.5894316182625945 0.40676032825642466
0.1838420405629775 0.10593109997569893
0.1548026625580339 0.16814331361779808
0.5955226547700365 0.10971393283808879
-0.3446301399080197 0.43482226640738647
-0.3104751608707966 -0.07040472667512157
0.33340929073795034 0.42477101775360193
-0.2897352522530969 0.2139790442863398
0.17542775564000312 0.0012291826079941378
0.4893684664389101 0.3537024932526929
-0.5248996047387292 0.4496168023270546
0.22868655013959274 0.3382871675860378
-0.6603648076233632 0.24949670962030276
0.17580929616580893 -0.03922521124999169
-0.25895009628679416 0.08046962430967065
-0.3631857506670847 0.3733032459039828
-0.6509692321562006 0.36312794200978665
-0.338969901597953 -0.09128017102816595
-0.5317373146861868 0.4424041633368908
-0.35706087698579597 0.3359701769018346
-0.5364072335106679 0.45217996504871605
0.5531650298866395 -0.27404733733629183
0.5243717451128515 -0.27693339545928325
0.5376616968416694 -0.24670705331644058
0.21780877436666665 0.31003189934343595
0.16074475733175347 -0.08336322169744013
-0.6262544491702784 0.12641538151173448
-0.2981713454666481 -0.044761040737668435
-0.6317840080444035 0.28156753950566704
-0.3605270555073462 0.4694280196765265
-0.6189418228446745 -0.048559198408607736
0.3724189943599337 0.37629525297679767
0.6373087136493988 -0.17380407339877896
0.5903505825754494 0.17763279972319898
0.4773322955363788 -0.2826417855140632
0.2011005482736806 0.30376172779064264
-0.624443550314183 0.05269770604730676
0.4434021590347703 0.40374091891615704
-0.3498649526656381 0.38142756317633597
-0.3265113627641124 -0.09841456532524225
-0.6565643516528387 0.3178036466732986
0.6234745405815062 0.02686299288438742
-0.2859108242105474 0.16989788503254896
-0.6709050723732068 0.14145434069332016
0.35168334095716014 0.40668461278908297
0.35710870153183727 0.4376928956413323
-0.6465098988013431 0.2966085215186856
-0.6107765365068638 -0.032030048884630936
-0.4095678023972018 0.4144924271895875
0.24899291389766687 0.3322270712748256
0.6355937215977147 0.19416615330099413
0.5059855969004197 0.342006551620428
-0.23351652507296877 0.14707229393783414
-0.2670063771881589 0.09260460992945335
-0.28894043171822953 0.2660250053793131
0.3468326898933833 -0.27415925878092934
-0.31728280645768964 0.41596934207048253
-0.6637729580444331 0.001085080367860011
0.21709979875529656 0.19089325124838563
0.5922118967791131 -0.05136831176663027
0.44786087533401087 -0.29545867122893127
-0.6515861877928608 0.18468819853801213
0.6224293622574999 0.12700518023803833
-0.3441974997345568 0.3780167745740003
0.26853933741000596 0.31836648508944637
0.23618416759912692 0.35004745160578504
0.6044701115184912 0.182936090498283
-0.3927116170038991 0.4762923706801777
0.4420417403599155 0.3641999424130424
0.5797387019291627 0.22391193442176502
-0.6415684119166519 0.22712835191977726
0.5834326917462568 0.20787541727321923
-0.382431779251397 0.3774841237482153
0.36731997486339707 0.4111336638361525
-0.495126433121101 -0.11985714153019103
0.414343861956857 -0.2515118113761641
-0.23747619163075218 0.04885797136056927
0.2179794464052689 0.11556812768521563
0.21381710632627574 0.16184987734048917
-0.6050756700179376 0.07244291586083705
-0.6412881926633955 0.1385700957732365
-0.2615339357212817 0.05342713422195648
-0.3105884500328341 0.0036607628662958785
-0.29675863544758624 0.1191913011040064
-0.6189574704545321 -0.0624845229468095
-0.3776161949977385 -0.10341143666657861
-0.7104151295940185 0.2101434454112793
0.3979532690325296 -0.25605341390374464
0.22861605661598977 0.31478389617676433
0.5790655402632345 0.10185391190834385
-0.6333294888499851 -0.005039615503530968
0.23263062480970367 0.16968253771469924
-0.6819069019970044 0.3074644198856451
0.5425566173293894 0.26448503591003697
-0.6856178915135215 0.31301750945502627
-0.33083553843014546 0.27916465482920055
-0.5778641976718886 0.4256605704240239
0.41102666762789 -0.2894538521933801
-0.6963017417568593 0.22401670763628373
0.5021179276588676 0.34254062769875354
0.23138076115818193 -0.08909812719462366
0.5471657544152563 0.23595929935823165
0.6385560725809125 0.015595965644577822
0.25085526024570964 0.3850763472827013
0.49356591594621607 -0.2406104946560841
0.5840044576709416 -0.18591542762659174
0.5184013475729713 0.3369203046682288
-0.29009507338668555 0.06753713730431116
0.19140510835749316 0.1394531601951034
0.23479347779228818 0.2613933323564275
0.5719380988549906 -0.23404681964653454
-0.3063840364365538 -0.14485182885891182
-0.34841150382639957 0.44522321407733867
-0.31991325391449815 0.019080955366612595
0.6015276494985757 -0.09097459098976515
0.17541464822313438 -0.006643589466534839
-0.39578257716630605 0.4191700821301369
0.2433263989021401 0.25059754037462206
-0.4727259854617963 0.5063934925931508
0.28152915474205636 0.3064256595112466
-0.37494152711469725 0.40483125078319804
0.36469468586619314 -0.2289385346299601
-0.3494352062708057 -0.12775831297478363
0.37392288681350083 0.42489309424914445
-0.5944431879732115 -0.03226405633531404
-0.3615560483916454 0.36102784499466445
0.6087149793165331 0.03869858864553616
0.6306960738707736 -0.15323350006018568
0.6109167069453725 0.21724764809749927
-0.6886591574939783 0.17744519728611824
0.2787185806036583 -0.27575689848141316
0.21771326535242452 -0.18495345412517375
0.16140419102728287 0.08810919293087466
0.23593194516206134 0.23884922275648346
0.1522828084125776 0.08069955725346442
-0.283975101655546 0.04071769393754152
0.29968627718774865 0.3578936902872445
0.25538815979963697 0.33991214810334386
-0.4336979282613576 0.4465340040184148
0.18244081213706884 0.19576469782343917
-0.41917349853392805 -0.1013292373628741
0.21338106756619254 0.20572335109761533
-0.2639428107531014 0.2206970529011442
-0.43461748174953024 -0.16162737858143753
0.24150773804971418 0.3113244368253891
-0.593880323091334 -0.06471175442436883
0.519366102323689 -0.2858541161641834
-0.37844434683690603 0.4422566650932948
0.26115024122939834 -0.1908931166406249
0.1709969482830788 0.09336458596852519
0.20533216290662837 -0.11791367846948485
0.4110446984610593 -0.27928931755452935
0.31316902238215033 -0.22015256684558987
